1 2 3 4 6 9 10 11 12 13 15 17 18 21 22 26 28 30 31 32 33 34 1
1 3 4 5 7 8 9 10 11 13 14 16 19 20 21 23 24 25 26 27 29 30 33
2 5 6 7 8 12 14 15 16 17 18 19 20 22 23 24 25 27 28 29 31 32 34
4 6 7 8 12 13 14 15 16 17 19 20 21 22 24 25 26 27 29 30 31 32 4
1 2 3 5 6 8 9 10 11 16 17 18 19 20 21 22 23 27 28 29 31 33 34
1 2 3 4 5 7 9 10 11 12 13 14 15 18 23 24 25 26 28 30 32 33 34
1 3 4 5 7 9 10 14 15 16 17 18 19 21 22 28 29 30 31 32 33 34 1
1 2 4 6 7 8 10 11 12 13 14 15 16 20 21 23 24 25 26 27 29 31 34
2 3 5 6 8 9 11 12 13 17 18 19 20 22 23 24 25 26 27 28 30 32 33
1 4 5 7 10 11 12 13 14 16 18 21 22 23 24 25 26 27 28 29 30 31 1
2 3 5 6 8 9 10 11 13 15 17 18 19 20 22 24 25 27 28 30 32 33 34
1 2 3 4 6 7 8 9 12 14 15 16 17 19 20 21 23 26 29 31 32 33 34
1 3 4 5 6 7 8 9 11 12 13 14 21 22 24 27 28 29 30 31 33 34 1
1 2 3 7 8 9 10 11 15 16 17 18 19 20 23 24 25 26 29 30 32 33 34
2 4 5 6 10 12 13 14 15 16 17 18 19 20 21 22 23 25 26 27 28 31 32
