Feature	nmdc_bsm-13-0jw5n594	nmdc_bsm-13-13145k83	nmdc_bsm-13-1p0tct86	nmdc_bsm-13-2fw5j754	nmdc_bsm-13-2yga6857	nmdc_bsm-13-3dt9xs73	nmdc_bsm-13-3pvn5d70	nmdc_bsm-13-5bfhqy53	nmdc_bsm-13-6naxpa52	nmdc_bsm-13-7qxjvr77	nmdc_bsm-13-8e1rjf10	nmdc_bsm-13-937ebx72	nmdc_bsm-13-9qwsvm77	nmdc_bsm-13-amdcp906	nmdc_bsm-13-an5fyr03	nmdc_bsm-13-as680w10	nmdc_bsm-13-ay11wa90	nmdc_bsm-13-c0xjg970	nmdc_bsm-13-cp77j103	nmdc_bsm-13-dd9rmc16	nmdc_bsm-13-drp3nj25	nmdc_bsm-13-fs4zf767	nmdc_bsm-13-hvpzqc38	nmdc_bsm-13-hxr5ks11	nmdc_bsm-13-kcdh3w94	nmdc_bsm-13-kem2v355	nmdc_bsm-13-khnf9f29	nmdc_bsm-13-mvpx4z13	nmdc_bsm-13-peafgc08	nmdc_bsm-13-sepcxd06	nmdc_bsm-13-vqk1y255	nmdc_bsm-13-xvf06c81	nmdc_bsm-13-yjp2dx65	nmdc_bsm-13-zms1jq91
(+)-6-aminopenicillanic acid	350603.0644			7463059.106			2400533.96	7239210.915			5592116.725		9996411.607		4986508.679	4614790.067	4259812.228			1561409.029	1270954.035	952065.584		6205538.888	11745049.33			1502166.234			3985996.96	3191465.463	8110513.773	
"1,2-cyclohexanedione"	826101.5576		1000016.822				362927.9093			1994762.092	503815.3294	547580.8736	1842649.347		2886747.254	1808928.49		2070439.849	973875.6733		2109480.107	751840.1006	1256130.338		2802598.63	1223127.386		4285312.762			1896228.15		876559.8773	
"1,3-dihydroxyacetone"	1179722.708		849008.2446	773566.8298	1239946.454	299499.6704	930529.8824	700580.7317	447676.1025		2959337.643		617333.4081	949755.1015			859612.7428	882772.8825	486919.9917	1240768.417	2609958.086					2501191.364				341872.6159	1218247.144	492256.4196	1297092.218	418879.1488
1-methyladenosine	5346901.23		2224312.391	13176793.33			10066502.13	13603787.47			3288782.472		2817719.913	12586733.39	3045740.43	6508068.697	8297668.313	11043411.95	4281463.182			7978669.405			25561945.27	2489671.894							1543436.438	
2-methyl-3-hydroxybutyric acid	4091028.192	1112573.257	7798145.614	1662406.41	4336515.083	1053077.93	5826285.414	1237769.479	8978245.182	13037563.4	6197102.257	3203997.352	14099246.14	5483506.83	26753413.98	19880662.12		4634208.524	7431535.27	5590621.179	8851620.099	16778009.78	8345425.166	3408326.421	8088585.507	18686185.97	3347250.073	9387276.846		2423336.031		2974684.466	6157819.543	5769016.386
3-(1-pyrazolyl)-L-alanine	516187.4441		505682.5177				1711838.555			1049511.951	426027.4663		848699.1096	714390.2355	625466.2886			985031.9399	702252.1023		432918.9339		515456.5785	616851.5502	2543714.673	945006.3912	340871.1556			343948.8984			1098581.91	
3-dehydroshikimic acid	387122.9985		1305168.369				3345873.649			10496759.94		714434.9973	7657158.878		10942856.27	4872853.015		7087361.159	4052681.571			2463586.883	1908754.263		24815922.79	4904532.164		21325132.04			879736.1396		3759476.235	
3-hydroxyisobutyric acid	6609934.003	24950911.18	58632664.18	11080180.29	9226049.542	4702510.512	4981196.022	11668086.05	15761483.53	5657735.691	43987759.91	5031042.618	34231060.85	22494819.06	4512354.515	3782291.697	9611758.553	3254006.267		17914463.8	8525239.461	20634649.27	7089432.151	16356154.08	2812495.021	8189749.628		5140478.211		6592012.314	9271890.172	15040835.14	5925624.382	5300637.917
3-hydroxyisovaleric acid	2057607.524		14472860.69				1552356.46	1978503.127	2656152.16	6623042.267	1334993.366	952780.071	5482906.588	1988298.095	6697793.584	10138859.92	2814846.328	15134834.11	1742858.428		4187283.872	2239856.774	3179529.658	1345925.025	21964450.86	3423025.114		14554883.06			979808.5567	704308.9883	2565448.227	
3-methyl-2-oxobutanoic acid	4829584.791				7088885.841	4476384.166				5059244.113		4378156.266	4587103.466		8518002.817	2787298.511		2199752.16	9981273.043		519271.5737		4808096.449	7791369.303	10731450.12	2731667.699		1344541.029			3237060.217			
3-methylcatechol	713673.3352				1049848.571			561898.5419			913033.1981						1108143.822			1030991.438													611165.4509	
3-oxoadipic acid	1213833.178	846688.7806	1240595.615	1973119.032			572615.8841	2530462.121	1284851.817	1457618.357	3036356.799	1095219.8	1862547.704	1953751.51			1382081.03		2000978.304	2292500.211			1278582.948	2178595.849			733666.5162		174117.7882	322693.2143	1201479.683	2641194.895		1392915.063
D-fructose	274724415.6	3341597.102	412659541.9	4512414.238	2899815.337		363389777.4	19393870.16	28490208.85	721330818.3	24719023.05	27115558.29	1129575279	151875136.2	546749505.3	637954236.6	3315246.792	543337982.8	557375801.7	168285877.3	422333466.1	502285885	256678368.9	1056532.602	998656757.9	706093319.1	22250902.5	64444932.33	1709165.223	1526070.895	389479767.7	24968676.91	327613446.8	35320426.8
D-gluconic acid	9051700.459	5412353.265	26290084.13	8996323.779	6923689.883	3498123.949	19233300.95	5864462.22	12099847.56	20222500.65	6264570.644	5015306.626	35673410.35	7632503.618	13167022.03	20921063.47	8223894.45	12028765.09	12989544.92	6788057.712	15450245.21	3765057.206	12286466.12	6135819.049	13981317.49	11889911.4	2757649.648	11291943.24	1139340.065	4194635.551	14087192.83	4255381.593	20178556.13	5588372.857
D-glucosaminic acid	6350935.358		17740316.65		2269766.758		5519119.724	1310690.113	1181821.877	14833884.32	2048559.521	4100345.189	53227299.6	1497994.099	9875813.682	773278.3926		8486814.113	2329541.666	522214.4522	6633665.522	11924718.24	6119126.96		56531648.6	7935874.305	815010.0681	42804832.06				1089429.739	15165502.09	624433.0408
D-glucose	487202436.2	271653962.3	271345287.9	70672885.33	83326313.83	757761.6784	820119345.7	284759906	117849546.5		214627633.2	358065264.6	789502950.9	394663904.7	482919653.1	296132003.7	250010106		392290177.8	286109928.9	405031077	877449738.2	351312096.5	98159398.37		771833505.2	24788956.95	419834232.2	842367.4773	87888709.92	714411456.6	118228583	587594587.3	132799719.5
D-glucose-6-phosphate	41408558.44								23458348.94		16711637.51	8775819.127	545155.4233	23688110.86		29326105.76							12339147.6					900965.7639			26656952.55			10344067.52
D-lyxose	1657355.959	2535641.014			2219975.97		2435712.035	1671971.607		8127653.124		928729.1897	6108995.699	1945158.726	6007336.735	2627654.782	1643314.605	2907654.659	2828696.249	4103864.464	1777102.251	2290906.569	2189544.517			2889697.17					1996337.429			4246942.087
D-lyxosylamine	1768032.319		2932988.4							11122010.24			7646596.848		8009815.305	5866973.679		4699122.503			2511203.677	2555357.772	3109166.864		9486580.116	3766691.595		13192539.83						799154.8998
D-malic acid	804643.1827			520121.5278	797250.138	598331.7244	1184718.345			771070.5243		335926.2193		436347.5828	1727112.804		494623.9789	1499597.457		524459.5036	855141.1047	583377.7035	607238.5962	565364.8298	2671235.686	804606.6831	996342.9287	5868365.461	343451.0863	714515.4228	1713624.19			
D-maltitol	2637394.208		887402.2465	555809.0917			607256.2484	1511895.217		1566624.323	2030776.634		2618811.082	3075146.715	701900.395	4552116.753		9935659.355	15570694.67	948370.0833		5250393.475	2043887.042		4559819.211	603177.8971		3959801.227			8116168.562		1459281.756	634889.5664
D-mannitol	69142768.15	1877654.77	21229968.7		3726384.322		22380314.29			544436362.1	14518716.04	10011440.24	66465587.32	18014080.73	444478562.6	29203514.43		560391958.8	41424530.36	10850515.67		19697784.48			134962244.8	44527174.77		476896265.5			31825555.38		77275450.92	
D-mannose	54304504.65	38744932.66	414534348.3	51256893.91	7559122.32	16749264.74	3878367.81	61755747.62	62157821.49	871517610.7	56066153.49	99598589.87		65419605.45			46034936.5	701670522.6	383527190.3	37101226.44	134883167.6		152588628.4			172578317.5	54157386.11	793836904.7	7995044.438	88646317.43	56029798.83	62557576.67	198663873.3	37365804.86
D-ribose	7454899.184	5035902.377	10678423.05		11194468.6		4005236.179	2472039.063		18095962.79	2198523.14	7835039.612	11005426.45	3368872.674	9706957.811	12174507.17	2954398.974	27654517.48	6852191.147	2243749.453	13820891.69	3554743.229	6758707.305	1604314.597	36559454.85	6547851.407	493159.1134	43136322.72		2149103.538	5745011.959		8178621.199	
D-ribose-5-phosphate	1864647.547									4270927.556	397700.1384	1322888.153	3967159.827			1284997.307		4806407.297							2925467.039								2204467.597	
D-saccharic acid	2179279.004		1030857.752				483570.9505											13925726.78				1066927.086	9208743.181			5420476.73								639605.3305
D-threitol	1696971.917	1722728.372	2222611.508	1243876.071	2507731.629		936888.2342	2287926.599	1652591.643	2226039.405	4455181.523	1555598.307	2195220.316	2357304.637	1452446.282	1846563.394	2277945.022	1613386.575	3327224.758	2302073.895	2116951.497	1053881.95	2489812.83	1496413.324	2315035.048	1609325.987	928753.355	3853804.148		648195.6814	2046782.302	1412313.529		1267830.832
D-xylose	9726121.44	8281459.43	24970724.69	3070906.927	8966674.697	308552.692	17998568.3	7946286.724	4029663.25	28031439.46	4129133.228	18192780.64	16570883	9304508.608	19140261.4	36199838.07	9058595.55	17256373.15	13502469.07	7183185.518	32400407.89	12270803.66	12681963.53	2436263.154	68051826.83	22822611.7	2077691.325	50768271.86	209917.3281	3321182.752	14520865.15	3387529.251	17409198.16	3124239.013
Impurity 001	3080872.225	1846510.862	2601173.314	4668678.477	4433354.94	3413622.897	3286097.703	5241563.343	5179036.605	3236018.786	5508060.708	3795640.978	4832520.751	4721162.458	2594018.093	2656723.546	5019092.524	2369895.294	4066446.047	5291731.532	2829410.784	2097342.611	4095727.891	4561278.782	2836785.683	3745021.752	3133991.893	3875592.428	1714803.318	3226994.552	3666755.675	5045226.894	4620816.056	4585947.066
L- sorbose	1025632.527		1496177.283				3773965.48			12057549.18		315911.9744	14701144.39	943563.1042	6804248.388	2571405.929		5045795.016	6293750.831	555477.7503	1691700.344	1140270.602	1144124.585			6350731.023	450393.519				847168.7036		3110418.89	305151.7256
L-allothreonine	833032.6062	18372480.67		15106909.42	60819414.73		65576688.07	20870429.81	39261571.84	1854818.129	88884127.63	2311229.931		72936907.36			13296953.23			69057127.63			3200948.06	18385677.58		1599341.71	547995.2779		19856486	1163955.286		29278627.53	121393350.9	73402965.38
"L-asparagine-15N2,d8"	563572.2448		817254.3589		618085.4053	305543.0706	992427.3726	369449.9324	615705.838	1580097.611	833611.1242		1617478.646	898471.5661	1203773.148		347851.5167	757639.7672			455107.0513		560161.5744			930699.927				339320.1956		436755.6186	3414052.95	513499.1795
L-isoleucine	7020764.354	5091320.026	33676905.54	10306008.29	6056846.586	5048874.058	4017770.218	8518309.739	8647327.739	12026060.85	5664091.595	7612121.815	42546980.4	7169849.411		24711791.14	18991420.43	16056261.45	2566740.941	3437532.446	28683810.13	8051985.692	9129867.964	12512366.51	104390948.2	9214207.927	2929698.405	31099252.34	1715412.734	6151907.588	7330282.004	6186062.501	22939099.98	5843379.424
L-phenylalanine	1234722.922		10247087.21	1479245.689		504974.5794		828792.9602	1773929.526	2425822.87	1596606.795	1385716.327	7014390.701	1298485.632	1370058.057	4031041.169	3621768.739	4580605.279			6487536.286	1612223.253	1550013.067	1517197.997	8520471.902	1812475.324	521325.2314	10362267.8		839294.6728	1648028.348	1561341.578	1513941.051	1199798.766
L-serine	499638.11		1686313.299							730914.8673					800157.5421	1276406.279		7765004.315			4508055.484		942552.0822		5491567.308	755162.4932		2333317.811		282891.7136	757591.4899			
L-threonine	1460155.323	468589.4795	6360011.345	1392485.588	881385.0988	603198.0156	994619.7889		1127766.158	3082450.69	756655.5081	941515.6331	2114872.679		2091188.036	5163701.396	1405275.834	13585458.94			7132228.187	890228.434	1731633.968	919282.2038	7442984.742	1982726.686	339139.7984	12731168.26		737334.3716	2116478.904	598772.7135		1073858.91
N-acetyl-D-glucosamine	780157.4613									1519911.35			10495050.09					595350.7279			452202.7823	525463.4421			2302758.278	435970.534		3448767.122						
N-acetyl-L-cysteine	4065045.771	1085359.867	2704706.306	4335135.477		490244.2897	4137305.457	4871583.345	1844673.383	6919918.946	9128681.941	1165692.559	7240617.094	3681927.807	6714107.577	2299437.44	1815265.047	4313903.661	9796666.695	2773775.751	2241939.974	4308720.112	3005921.335		14619449.7	4515381.432	2138915.779	13471874.16		1181198.592	9335089.396	1225873.123	4383291.914	2078559.115
PGEM	48362295.08													52776941.34											74940731.69									
TE	2371738.542	1115371.858	2658467.159	881582.1117	486824.7953		444395.2266	1122768.3	538966.3908	6364631.064	372295.6684		8097875.621	1728067.85	5199062.22	3165167.924	2670493.652	2077539.36	1758657.225	1224793.328	1183121.096	1753101.757	743810.4126		1600928.906	2774875.25		4731383.382			1195853.215	360992.9573	2601961.461	
adipamide	1213481.309															1275379.725					1030867.086	1957268.829					523651.2265							
alpha ketoglutaric acid	399046.9335	342047.0471	910819.3923				1012705.529			1339064.011		674220.3332	1166523.151		1333863.195	999256.1273			509600.0108		431962.4539	327077.3852	361565.7045		5096466.399	1340833.987		5960744.743	217576.0589				833606.8411	
arabitol	7925900.268	5070278.972	8578392.396	4135996.483	6702982.102	5813699.955	29862142.35	5659164.964	3247980.811	15960304.89	8488366.021	3164047.765	21200456	8048873.858	12324437.7	4694665.184	3820617.456	24194061.99	12609044.96	4146199.07	6714926.231	9034432.411	9663717.833	10061627.54	21182513.13	15592541.67	10712524.8	29960016.78	2062671.328	5870518.119	8392943.867	1450188.54	20606011.51	5525648.175
arbutin	1729199.635		2856973.282				11241241.85			8215241.804	639163.624		19989292.18	542383.3575	9939728.942	3547080.26		7814009.566	5901052.375		2359818.169	14549037.49			21986679.12	5691698.808	780352.6966	18224949.81			5724106.754		2297160.646	
asp-glu	4075894.512		992723.8748						2226640.962	921626.7729	470656.747	3101184.033	2912827.289	2698817.838	447097.8215			4564426.393	1582299.501			1371522.485	3321705.372		3117057			22330758.85					672639.0976	1224406.959
benzoylformic acid	968319.777						395994.3649						1234975.478	1788849.05	743257.9703											670470.6123		3450673.672			745363.401			
carbonate ion	425987.8424		989205.8927				2472045.209			4123346.567					3100222.891	430284.3312					1318545.405				3905250.157	387236.0146		5737373.647			1745840.709		991445.666	
catechol	1248200.751	2074024.736	1817778.191	1046532.427	2471566.601	1360845.698	1640791.984	920701.2541	1330975.87	922122.1057	847426.8828	753432.6845	1572599.614	1303881.38	915587.6041	411613.3766	823018.8157	922275.9124		1145242.651	1143668.714	498637.3192	902632.7141	1691315.399	540222.8141	1453141.39	2049225.305	3812827.133	658712.3111	1125916.245		911189.3824	2416474.415	1135607.942
dihydrocoumarin	511645.997				1124651.993		1908609.396		370141.9751	3316340.169			8541384.316		4039547.193	1199273.028		11022287.7	2057842.836		1322479.318	943650.5453	527763.9225		12723573.5	2383465.774		23203447.74		352878.2415	1797371.117	613517.7455	2034609.449	
estriol	10534389.96	16941585.93	16771578.63	21611957.79	374665.6393	587395.3392	16673159.1	42222853.44	31809922.09	18349909.71	6338227.332	20696516.35	20081744.78		8050004.984	9129073.844	31031619.28	2711077.301	10705768.86			6562979.935	12781964.25			12837464.54	2199820.314	19433524.92		2354523.464	16225658.85	27611658.05	17386345.22	
ethyl glucuronide	736688.2036	475550.1655	5725001.276	1294311.57	2560327.332	372887.5688	1766278.381	1372518.557	1073492.055	9751151.626	1370665.483	4904913.916	8360457.017	2437777.424	10899389.45	6431825.04	952316.9825		10628367.02	726785.3738	10879374.9	1612370.066	750536.0009		16076407.97	1339865.043	1445286.065	98923463.71			6239835.458		11175873.53	285224.0008
galactinol	1964330.337	1628286.638	1967957.988	2360379.824	1257356.672			514207.1625			1571726.29			1448560.719		1490289.618	799199.896	1725800.435	1971138.47	1596337.386		930096.2992	944371.2874	281113.2136			1368680.452	7368070.73				7060059.067	6849231.207	6239587.53
galactitol	9091318.886	358690.4058	7668979.443	2141328.354		188610.2757	4919662.69	2236934.847	7629546.534	5150085.138	6351200.352	3626736.015	6956627.716	6407114.792	66772676.81	4674839.846			16491070.55	3574236.211	100600710.7	4017461.971	14908627.99		450804061.5	3608735.224	6058409.983	197744932.3	931771.5881	542475.8946	7798098.615	6992710.585	31750323.78	6190750.472
galactonic acid	1602514.822		9760279.261		333340.4693		4613582.8	437928.1472	1714287.57	7142101.159	2224482.18	1222948.101	19226780.89	1652393.202	8497000.163	940844.6753		4573423.369	2679913.097	275209.0321	1895739.753	8751240.687	2824325.859	334630.0527	16314922.4	5983753.74	2019485.088	19208843.79			3827442.46		5832140.745	689404.346
glucoheptonic acid	25986425.82	4133177.64	7234107.817		1351592.109		706122.7222			40184569.03	6682016.828	7134652.788	28534133.19		9406715.18			39029487.1	4227907.862		5700787.522				34504419.84		1019284.825	70688173.29			6618504.168		14371543.44	
glucosamine-1-phosphate	22647507.39	18584917.35	10108044.36	23098944.28	13873033.53	7169629.833	5038883.435	6840166.891	5176789.607	51464668.59	7165992.46	8285351.995	29504020.29	6435293.998	8413630.766	8068118.231	14333759.83	20591675.85	5119280.95	4421560.942	7253679.709	4220354.184	8282621.89	4134155.226	32989491.33	12814224.33	2046830.239	44981288.81	227240.3848	4902279.882	9664629.125	5436494.596	16039530.67	5749329.663
glycerol	9502363.754	5990053.941	12756499.74	2450268.749	2298231.274	3239680.116	3088141.945	6883496.784	2575050.281	9012567.195	853658.1576	1760772.246	8087225.093	1634090.5	6491814.535	15638988.89	1309166.859	2699892.133	9473321.172	5646768.843	8227790.44	5119786.769	4089361.888		8412421.012	10906250.03	1860959.252	3470244.065	623703.6358	1841110.953	9289943.26		5846392.85	8309726.241
guanidinosuccinic acid	578597.5279						913645.2957			3136976.636			17268968.75		3688398.757							8139011.46				1777948.107				2009423.834	1224119.817	887048.8091		
homogentisic acid	3084835.63	808068.8993	8753556.733		949158.3328		431262.5481	602936.49		4884772.273	756654.6862	1132136.82	13731901.93	1257254.817	6721883.552	3330394.797		2108148.073	2560686.834		1551543.746	4060440.958	2736146.986			1807229.444		48118945.9			6825018.746		3599742.411	
isomaltose	35415332.62		6806091.419	84073248.78	396427.3042	2919580.793	2245486.074	113471708.3	51695441.24	11526304.73	14037642.14	56652403.83	13079009.26	79127739.2	2776680.879	20546692.24	91537665.14	3389527.398	3717952.581	79020723		12847986.67	29354305.5	1413931.745	44520614.03	5839750.866	840799.839	11143932.41			34599883.64	51391589.21	11878938.11	40918373.53
isoquercitrin	586188.8631			623335.0578				1744068.205	322933.8174						1011888.752		528876.8749					416948.5097				2254106.215						375683.3894	3751201.111	
lactamide	442037.6616												1546688.367			989452.3653		720183.9512				1135558.411	868501.1292				2066215.955	3252808.187						
lactobionic acid	5780132.977	708161.0902	85067527.12	15892598.5	1071478.008		9905649.414	10949410.59	3513313.259	29540362.42	3740481.922	963665.2336	61177921.31	6009787.591		4807970.549	2277531.314			3617753.074	7911871.756		80675871.33			64540923.58	1977428.028				8417550.266	1804765.226	11219100.94	6614577.83
lactose	8897057.36	1172448.452	25674063.34	101694685.6	17043754.38		38501895.28	30791979.26	42753591.27	17713276.34	11998875.7	8132396.467	3318421.397	16399586.3		5797069.349	22192660.13			11001612.71	27719272.59		20653342.25		89171166.43	5657931.195	3612820.813	31134314.63		4183992.327	4376517.427	32293982.03	37160748.15	14499532.29
loganin	5444972.691			5377696.643				7051868.942	2809192.318	1303088.439	3044001.059	1264584.15		1485267.411	886656.6237		1055662.451			1436612.018			1818859.023									2020465.176		2596483.919
maleic acid	105075863.1		207083902.1			6335956.156				199078746.5		25868128.93	179595024.8		145201295.1	132526504.2		153031853.9	173036119.4		94990155.41	88424915.49	79774439.19		96262897.34	181628268.9	87433962.65	240656394.1		29746990.6	63569695.97			
maltose	30829544.13	9172210.642		460868734.9	18089408.16		27331908.11	26962350.03	10007126.7	80120205.41	8811131.926	7109338.29		20310763.37	45251897.43	44048865.03	9450421.99	42822720.72	40775521.79	12916420.59	12245609	29585547.61	15912336.75	5547609.303	198489424	36685466.24	2631406.853	83768967.39		3854949.061	29391062.41	8363921.975	35770116.32	5687671.709
melibiose	5372361.26	3276220.152	7701777.456	7009930.245	2235281.835	2617983.687	11782175.61	3946869.656	3355375.507	17970852.06	1416170.574		24184961.08	12105375.42	15394627.38	8155046.63	3114668.128	10362711.29	21560674.18	5194771.212	4530422.464	5725841.854	7164850.717	3622592.505	49789651.19	10364846.66	1925062.38	52065701.02	766601.799	2576738.929	2399215.623	849393.2389	13460850.75	3239062.205
myo-inositol	62094446.57	51355476.55	72258291.93	75323538.52	36925989.93	28276360.14	62463697.31	28789254.89	27032827.09	146857458.3	23487915.32	30564933.01	87925044.18	66696681.31	139571983.7	81429335.38	51894727.53	196000381.7	79873795.56	66058696.73	107391702.6	51606736.34	68558107.1	26721597.87	338038240.1	83818358.41	12447803.75	421179085.1	6710178.184	14324469.4	85645533.3	23671998.46	90313769.14	45484672.44
oxalacetic acid	1791634.884		3286313.785		914272.0228		3213480.252	599998.8463	854833.9509	3877416.279	1304122.217	1169640.425	2987172.193	2297612.35	874728.1917	2976754.772		1616411.385	1094242.743	1757842.234	8785396.3	1323505.687	2408351.503	532289.7718	7752500.684	3693072.565		3055412.956		542155.8482	2681985.492		1751786.559	
palatinitol	4122312.182		16784659.58				14345772.31	2839753.533		37259666.42			41521854.89	2866473.591	23392385.15	19289835.86		9471010.835	10266844.64	2297227.191	4216203.664	7850296.169	2643394.856		73392516.6	17987692.8		68821135.05			2673641.844		11599305.29	820668.2109
phytosphingosine	504308.0772						10665795.09	352629.595		2470169.154			1593098.224					3882322.686		953270.4111	1458152.269	6151419.572	2105557.68		11521126.01	1936708.308	1013141.925				1210059.092		2730918.935	554728.802
propylene glycol	2613871.122	2462349.698	6079624.964	3735846.04	3922076.049			1639926.24	4364927.853		7334047.54	3455129.926	7316719.001	4689138.745			5316627.93		3482750.741	4020537.906			10036911.95	2517979.337	7812220.176			15698398.59	308034.2098		3741673.588	4335974.435	4381026.289	6900870.358
pyrogallol	1037335.559		615291.5082	1056310.264		338151.2651	1003486.384	932910.582	501900.4195	2076776.414	1127268.833	401595.3056	1545119.044		2027761.718	443004.6105	456331.7653	1172521.27	936163.9083	514111.6904		588232.4093	885252.5888			1621182.809	741110.8977	3922763.856		470241.1993	1215642.485		1390861.024	483719.2219
ribonic acid-gamma-lactone	974766.2193		2815617.594				2675802.693				502987.2103		7267746.236		10631396.41				4428444.975		3276669.011	1964090.176			16772488.6	2239331.109	781102.0267	26761002.92			3218468.941		1980666.767	
scyllo-inositol	2681091.986	764327.6315	604471.3586		2252216.446		316794.6307	648842.8027		8143621.981		1190865.177	4413607.755	1173984.747	3367308.464	2331567.517		6342583.514	1348184.963	819300.7112	2324906.666	1009434.027	1609657.163		4316456.41	2589898.648	287167.2135	13044871.58		932276.2184	1162409.777	575660.6129	3001695.407	1028452.307
sucrose	698172492.8	53036620.6	702270416.3	10100810.99	61627275.43	4513681.243	1076041776	347696479.4	437029443.3	514186914.3	555374119.3	48424809.99	1097052925	581935122.7	21980362.89	738959382.4	6531209.764	1068965043	1002200244	346720168.7	570642331.8	344996597.3	685159190.1	17676742.08	1079540793	889003935.2	430795234	1097978647	84739333.62	27570583.66	259947461.6	46817045.42	880100153.7	91333729.18
tagatose	1932157.971		5170963.032													4779216.407						3225298.266	1385217.503								1912080.358			
tartaric acid	1353705.027	497116.9112	999547.2532		435045.5522		459246.2318	678094.2245		4160407.642		319368.4535	2320156.306	746748.4888	1676409.164			3890831.559	734413.364		3838201.762		1873908.101		4889371.245	853608.3832		4623063.271			570331.5398		2435000.285	370704.6193
tetrahydrocorticosterone	316169.1336		588247.2325	959021.0861			616631.0518			1070250.04			1967238.718		3876025.369			1702913.585	1841554.668			1050824.442			5868138.203			13018370.7					1154787.525	
trans-3-hexenedioic acid	660002.0194		1030513.632		881936.6306		714874.6086		350300.3023	1701315.829	1128904.206		3319878.006		2618404.338	741427.8282		493887.2085	1506666.415		1420883.084	541856.3208	977869.3657	445622.2863	7202002.252	1468442.521	403186.341	2955408.177		525096.431	1098677.612		2462564.21	
trans-aconitic acid	641016.2834		523523.9118	688229.8692	614794.5864					1978748.33	1222977.511	464577.4681	668155.1025		2216761.619	896106.256		1653322.59		652816.9868	621274.6756		970385.7049	1429285.289	1631428.955	651878.7449	460617.0096	5932949.625	190689.755	1364750.106	929680.4146		998026.98	
trehalose	766368338.2	592662845.6	486154533.7	287406677	525885046.8	265899848.3	569634396.5	690350873	25393680.01	820646884.7	241674431	376823362.9	780061447	465557268.4	272849234.6	645280155.3	395753506.1	515163075.8	390764081.7	580762036	429775304.8	366334801.2	467587086.2	440802893.1	754725552.7	228724184.8	317073538.1	891928308.1	148744664.6	279442836.4	69101316.65	447356372.6	785411407.3	323234179.4
turanose	2608007.474	3571674.267	5864198.987	2120065.814	1442994.319	1019131.255	1804655.155	1901307.519	1809550.476	30893339.96	2030177.166	560383.7276	6360647.447	2788369.707	11511066.13	1250239.776	1245020.674	1267319.821		1411875.969	1989288.087	1747695.235	2053650.905	2428112.36	4658540.019	2602677.169		17348150.47		839953.8624	1734259.867	1053640.45	10416114.59	1703697.629
xylitol	6409333.456															3347348.644									4708526.931									557630.5893
4-nitrocatechol		527093.7939	1348230.344		587467.0938								1459421.515			1182608.088					2438706.757					6851548.596				924319.763			990860.5041	
L-(-)-fucose		3356706.566																			404229.7133							679043.7361						
acetoacetate		8105552.295	3560812.712	11800854.96				12761060.53	10545026.82		7799830.021			9283497.742			11212918.86			11408340.4												10097650.81	10150934.6	8550641.727
cellobiose		2100974.143	19147939.26			8513954.943				11418973.12	4540992.069	2535758.85	9190108.589		40547709.47	17407575.69		50631719.73	76218556.7			20602890.07	4442631.286	10292536.8			4445844.355	30980737.97		19320404.7	34864237.29	2137002.972		
geraniol		374822.1047	662111.5113	609208.4379				701163.867	596686.3392	620043.5631	957771.7417		915823.5926	496402.1204						409981.7193	475580.5006		528885.6296			491392.5996						440080.442	769569.5711	
gluconolactone		3098389.607		4423446.229	11973025.12	1283219.215		4710197.303	3046174.531	375267977.3	3860542.08	8947536.029		2692164.572	174906878.5		4202508.807	461772060.4				2840331.154	13501076.33	2522702.656			6702498.416	845188485.4		9546004.157		3200667.387	102609595	
indole-3-pyruvic acid		6668883.82	4904865.393		5420254.264	1449818.376				12507328.81									1878601.841						2273797.027	6017153.566	748176.4361	3278396.213		1191534.247				
itaconic acid		649578.2697		470822.1887		254386.732	542326.368		728906.568	720316.0702		665880.0477		691904.887	787275.6501	675821.6505		948532.7382			984954.0738	431014.7508	960862.6318			885100.0501	392131.3898	1087138.815		276285.3852	730776.5269	592155.4069		650307.0727
lauric acid		1577384.768			1530087.978	596177.8677	2149450.92	2140495.328				966942.4951		4206191.106			2376394.494													859655.5493				
palatinose		47905385.3		1055913.495	32429756.6	2414551.841					608632.3687	1333856.192							2530628.478		7860920.812			28793571.1			4076477.682	62293752.7	848388.9452	5265848.05			1357424.217	
talose		7017501.441		1431490.266	6332628.525			43133879.73	66678612.42		55185851.08	69343367.82												1447055.976			44360584.21		3025892.658	3697985.598		55855419.64		95225742.27
"2,3-dimethylsuccinic acid"			542670.3174	1024929.623							423339.8956		846808.7004								714061.9635		737342.5715	742863.5022							551621.0656		612187.6681	
"2-butyne-1,4-diol"			611339.3966			668664.5155					592557.0223	736031.2674														518629.1448	753700.845					603632.5649	1942099.155	
2-keto-L-gulonic acid			775247.5451	9890611.089	1785365.28					4473266.728		587407.6498					7260834.113				844789.8437		3632776.32	2557496.958		2307162.511		97997537.02		305459.3628			2136370.658	
"3,5-dihydroxybenzoic acid"			2105807.898							315773.4519			1565972.826	567841.2359		981581.7713								404498.5863	8772583.188			1794884.32					754670.7074	
3-amino-L-tyrosine			389147.0741	1087320.758							1131845.14		2748088.771													688679.3933								
3-hydroxyphenylacetic acid			1768083.636		1870867.337	330182.1041		2111252.445	1296393.667		1106771.837	1516461.412		3952620.403			1513335.124		1032817.701	1253857.796				1141177.204						957196.0856				
4-hydroxybenzoic acid			415502.0921										324403.7353			1400670.251									501586.1174									
5-methylcytidine			3345203.738	572271.5406				791521.7861	2331912.241	8144628.907	6176648.805		11128086.86			2001961.894				1441388.421	4111078.806						5529243.478							4742373.948
6-deoxy-D-glucose			3511169.25				2447275.584	2191541.854	1469867.083	14770212.87	834416.3379	1277176.916	8977490.789	3587741.145	6851494.053	5394655.515	2281755.7	8141249.776	2920461.817	2292383.233		2265616.815	2923252.153		16785678.18			16503484.05			2346451.123	861354.0101	1195180.633	
L-tryptophan			395137.0625										814037.3721																					
"L-tyrosine-3,3-d2"			316933.1556												654613.0261																		2316206.009	
N-acetylneuraminic acid			24098972.19							220300338.9			1003642.29	86067420.55	878687.0688	21526527.93		1860500.456		70587978.57		435709445.3					113006221.9	6679515.229			458148896.4		131692856.8	395716506
adenine			335897.0942							434226.0315			478778.5187						482001.0801															
adenosine-5-monophosphate			865615.7023							2367235.786			3814378.663						3323016.381							669852.4925		2147844.03					2178991.192	
dehydroascorbic acid			54186807.85		35148554.73		3287702.312			79041012.3			8969043.62		6368024.998	111745648.3	1945449.864	11517695.82	829503.6405		1935240.147	2474433.293	37262996.35	30992504.76	589198455.5	4289056.002	782155.1667	34572025.07			207533.1394			
glycine			709312.2102			289394.1197						374712.2454				543345.2444		2606022.984			3063830.086		857903.3229		1157815.576			2924046.399		395068.0075				
guaiacylglycerol-beta-guaiacyl ether			3560078.895				2503157.158	300546.1367			1003888.496		8457974.987	1342981.756					5044605.891	308948.5199		5242393.558			18637079.02	8432527.191		22630707.35			5263439.526			
isocitric acid			587437.075	746443.3154	475025.5417					8282979.79					14467005.75			4733368.263	8200822.899							5171242.834	703369.5999							
isopropyl beta-D-1-thiogalactopyranoside			1602307.018		883223.7766		3244987.623	932993.8881		10408594.15			3947517.049	833572.1057	19363585.71	1332597.829	498088.4191	5901424.386	5515454.039	234173.6191	721191.9212	4983615.617			61689659.09	3015523.551		66704518.4			3155851.271	396294.141	2585397.469	
methyl-beta-D-galactopyranoside			1345244.992				935660.9913						839297.6055		2229204.606	1480438.318			2980564.273							1025782.479							1745533.54	
succinic acid			659818.2409															391118.8218			427959.4925							396418.1122						
xanthosine			3536139.454	1616238.202			15591192.88	2483729.413	1382469.012	16377754.53	3377052.249		29844192.88	6364163.248	10279023.09	9909107.619			8039361.02	6166782.997	5071259.915	4656907.095	3834803.844			9671834.538		4022287.063			6594007.322	417219.3518	8931412.013	2984572.599
2-ketoisocaproic acid				1503507.837	575902.2357			882134.2182												1181685.911			1282851.982								568038.5901			
3-ureidopropionate				466620.163					1830032.196								508953.4766			870568.1749											2204518.257	426146.4494		
4-hydroxyphenylacetic acid				1555083.91					1505396.385		1205048.116			485414.6738				1026543.526	713588.4992	3187393.198				1068735.862	1586297.817	429256.4964	599311.1915		194565.2076			881806.7	1957068.564	
D-xylulose				2592264.252					4421552.489																							3773775.715		3647449.41
N-formylglycine				342758.487																			846278.603		2234878.758			5502902.326						
galacturonic acid				3276145.792				3239546.211	12254007.47								423085.0043						35386185.4				10622854.89		1586877.461	889888.5197		10571688.99		13390756.08
glyceric acid				523341.7074											2021517.863	576332.563		2546527.536			1400778.679							5009012.265						
palmitic acid				1570298.728							9335963.878			4046067.144			1969079.851		13120624.1	2711169.862														
pimelic acid				558516.7361																							374723.402							
6-hydroxyhexanoic acid					844312.6167																													
N-acetyl-L-phenylalanine					639069.3493				472035.3978	2461348.528	444473.1671		2768773.503	524465.6005	4433255.04	1443203.408		4725047.461	877734.3737		1529128.162	725569.1796	823648.6316			875046.7655		10421375.3			703785.1516		1413465.17	
acetol					575633.6779	661311.823									932106.8639																			
alpha-angelicalactone					457905.2244								835391.1052			261611.1622		458793.0749				319745.9416												
sialic acid					822400.7509							2009284.516			368476.0341						1014677.735		1021409.856		1045409.326			995032.1965		3505289.598		1698989.459	1219827.381	
1-aminocyclopropane-1-carboxylic acid						831140.9432																							477784.4004					
D-galactose						8639584.272						1737108.102			7112356.102				7549913.489	8146700.073			1853308.67				65210193.66		5924121.267	1624477.508	19449832.62			2481895.758
leucrose						385945.6555				3481771.915			24689422.59						1404502.947			10533528.55								6167702.469				
"1,4-D-xylobiose"							546424.2315											2873624.312							6355009.212			11177484.02			327399.5455			
2-indanone							8847870.983														68039915.9				1050986									
2-ketobutyric acid							2990786.733			884843.8947											1617351.128	1395193.455					3685572.83		3352314.419	4070219.805				
3-methoxycatechol							377557.1998			1454030.752			1197527.374			332402.7698			859358.503									363305.151						
L-cysteine							556489.7864			800046.7177						758408.5324		485798.3219								390402.272					298363.3938			
allantoin							674475.6978		456191.4577			311298.9135													8858724.384		276555.6844					427152.3517		317094.1594
alpha-D-glucosamine 1-phosphate							418474.225				430460.6927																433932.286				748807.0106		585451.4226	
glycolic acid							7690365.192								7094309.502												3822327.195		1568353.594	5469714.15		381358.4686		
lactulose							2883850.949						23634435.28								1179990.841			442797.0861									9055796.198	
mucic acid							372481.1603																							684897.4041				
ribitol							1992221.677	662687.1348		7784778.109			3828089.452		4355527.494		1589576.775	5814717.399	2105549.997						12789481.04	2343738.952		14570513.39						
sedoheptulose-7-phosphate							1126749.527			2396558.374			1956330.201					1671295.579				342612.6118			2917842.689	364218.2742		5870167.678						
sophorose							1717263.749			132576102.4	279250176.5		166183692.8		184418746.7		283150014.8			923084.3584			101358456.1			453768947.6					384405000.1	104679459.7	30870001.43	
threose							590389.7473		596751.2143	1862628.018					783940.3613	1124249.495		935809.698			2843742.709	292000.7034	379606.6794		3334053.408	1059841.048		1763698.076			570595.5121			
uridine 5'-monophosphate							474089.8276												686381.5275									3065887.362						
3-hydroxyglutaric acid								674792.1217																										
3-methyloxyindole								2094756.723									1147196.085							768917.2085										
methyl oleate								1154605.241	1191705.812		899557.8878						891031.5758															905142.7239		
stearic acid								266100.5538			1810503.609								1115222.719															
2-aminophenol									321032.0842								536658.0404																	
DL-glyceraldehyde									798913.0037		1188851.835										1176410.981			616969.6289			609477.2995					394475.7415		344848.1347
caprylic acid									2244354.165				1490681.585				959179.6843	893872.1219			1232184.894	683430.5507	1261976.936											
sedoheptulose anhydride monohydrate									296724.4073		2034883.66					418705.4091		4553119.157								2591140.039	5502531.595							
thymine									532371.6025							645802.765	393883.5247				415428.6126				1046036.917									
3-hydroxypentanoic acid										750320.7814						1006160.298							960221.4596	1405135.349						557063.1757				
3-hydroxypropanoic acid										1871362.779					2968295.154						1200840.21				4044821.726			9574991.345						
D-sphingosine										528177.882																								
L-canavanine										19866914.4			9912659.204			3360528.993		15564451.29			2717547.599		3473025.191			7504377.777		23484155.75						
L-pyroglutamic acid										1851929.96																								
alpha-ketoadipic acid										977602.8705			1046798.88		763308.2356	556776.1924												2136449.286						
beta-glutamic acid										403186.3122	808826.0657																							
cytidine										1674673.455					1759684.805	985021.2206			859555.4982									7426260.306			603847.9486			
d12-PGJ2										1062789.795			1804181.205																					
dihydrolipoic acid										1304109.567					913825.5689			1517729.924							3042621.742			11663854.76						
fumaric acid										1784891.192					1515215.16			3532684.503	1277047.428		1538642.129	625886.2092						5180443.653						
hydroxyurea										479484.2906						367583.1149					515231.9951		1069860.151					494452.2749		959958.4669	752764.9682			
neohesperidin										2474321.325					7001084.631	1442157.812		860186.7516								763684.0956		9228223.971					1258488.16	
pipecolic acid										2610974.857			1390572.065					1879276.533					914636.3741			949382.1476					357609.7165			
"trans-cyclohexane-1,2-diol"										2329153.864			1239686.497		1647047.478				6786692.386															
4-hydroxy-3-methoxybenzoic acid											305660.0671									364801.0646														
L-alanine											1627032.022																	10122937.99						
L-aspartic acid											473360.8023			472758.2238		677129.0981		2666276.709			1569654.619			545172.5393									2287971.583	
N-acetyl-D-mannosamine											406079.8218														1783835.266			2632709.136						
2-keto-gluconic acid												1580424.224		4879598.223		7231686.997		9407669.18		3866477.536		792596.0106	3714603.319										2431740.912	
4-acetylbutyric acid												443256.2222																						
D-sorbitol												2616174.516	124547378.5			3673136.488		92337261.87													2137475.924			
L-methionine sulfoxide												374125.0562																						
citraconic acid												332340.4696																						
2-aminoethanethiol													578164.4143											568045.9078				446937.0283						
4-methyl-5-thiazoleethanol													709124.9183																					
citramalic acid													1579065.93			708588.6104		488962.7787			401782.7021		494636.8712											
glycyl-L-tyrosine													1296464.065																					
mevalonic acid													724656.1247			1007782.902		1895691.712																
myricetin													4424586.532						1271898.125	443694.8286					920255.4369			1501145.114						
2-hydroxycinnamic acid															11822179.13						5009573.947							40190671.19						
"N2,N2-Dimethylguanosine"															3168617.55			24101886.47							22858171.92			41931930.49						
quinic acid															7708451.3	1477984.527		10043235.18	1265809.83		1062126.701	815838.8427						5616860.922			2649434.084			
cycloleucine																622966.6945					4092089.683													1822547.902
2-hydroxyestrone																		6913388.189															1462715.634	
adenosine																		2961948.038	5011568.22						34256836.67						3058643.324			
guanosine																		9483691.587	1130179.84						7888889.193									
maltotriitol																		1748329.171																
naringin																		336735.1522																
phenyl-beta-glucopyranoside																		381991.7251							1241843.355			4689111.567						
tartronic acid																		641163.6291							2798998.142			2204295.524						
piceatannol																			13968335.06															
L-dithiothreitol																				389010.8207			568704.7385											
phenylpyruvate																				895204.4128														
(-)-dihydrocarveol																					1194406.569													
"2-(3,4-dihydroxyphenyl)acetic acid"																					348606.498													
3-phenylpropionylglycine																					871089.3607													
"4-androsten-11-beta-ol-3,17-dione"																					1645640.931													
D-glucuronic acid																						1069480.788												
L-gulonic acid gamma-lactone																						2056998.62												
cysteinylglycine																							996368.8249		1268289.117									
3-hydroxy-3-methylglu																								701582.7012										
L-cystine																								470031.303										
malonamide																								1038259.872										
15-keto-prostaglandin F2alpha																									5425847.21									
4-guanidinobutyric acid																									420228.8329			5449115.319						
glucuronic acid																									65797680.13									
maltotriose																									2334718.322			4584517.009						
norvaline																									800581.8684			1082131.157						
pyridoxal 5'-phosphate																									8147827.781			1936876.997						
urea																									1943077.742			1942900.945						
uric acid																									495717.4922									
erythritol																										485128.4126								
flavin adenine dinucleotide																										588210.5369								
retinoic acid																										8548108.109		7947240.262						
shikimic acid																										1452212.461								
L-galactono-gamma-lactone																												162257664.7						
beta-cortol																												386351.8275						
lactic acid																												1752605.976						
maleamic acid																												1076597.988						
L-mimosine																													1032939.421					
1-methylhydantoin																															302862.4184			
3-hydroxykynurenine																															1226817.557			
4-hydroxyphenylpyruvic acid																															1605006.117			
malonic acid																															9192193.022			
porphine																																	348830.6959	