Feature	nmdc_bsm-13-0jw5n594	nmdc_bsm-13-13145k83	nmdc_bsm-13-1p0tct86	nmdc_bsm-13-2fw5j754	nmdc_bsm-13-2yga6857	nmdc_bsm-13-3dt9xs73	nmdc_bsm-13-3pvn5d70	nmdc_bsm-13-5bfhqy53	nmdc_bsm-13-6naxpa52	nmdc_bsm-13-7qxjvr77	nmdc_bsm-13-8e1rjf10	nmdc_bsm-13-937ebx72	nmdc_bsm-13-9qwsvm77	nmdc_bsm-13-amdcp906	nmdc_bsm-13-an5fyr03	nmdc_bsm-13-as680w10	nmdc_bsm-13-ay11wa90	nmdc_bsm-13-c0xjg970	nmdc_bsm-13-cp77j103	nmdc_bsm-13-dd9rmc16	nmdc_bsm-13-drp3nj25	nmdc_bsm-13-fs4zf767	nmdc_bsm-13-hvpzqc38	nmdc_bsm-13-hxr5ks11	nmdc_bsm-13-kcdh3w94	nmdc_bsm-13-kem2v355	nmdc_bsm-13-khnf9f29	nmdc_bsm-13-mvpx4z13	nmdc_bsm-13-peafgc08	nmdc_bsm-13-sepcxd06	nmdc_bsm-13-vqk1y255	nmdc_bsm-13-xvf06c81	nmdc_bsm-13-yjp2dx65	nmdc_bsm-13-zms1jq91
Cer 16:0;2O	48393.8828125	76385.015625		88858.0703125		70687.109375		40286.16796875	67670.203125	83873.09375		51861.26171875	74200.703125				58827.1015625		71946.7265625	84206.640625	509680.53125		67760.796875	51292.86328125	111056.828125	78107.34375	89251.1640625	81530.40625	56940.6171875				91559.8515625	
Cer 33:1;4O	264204.65625				309025.8125																		227048.296875		142245.640625									
Cer 33:4;2O	95232.28125					65483.21484375		88874.296875		202612.21875		110736.5546875	182993.21875	103798.796875		95571.90625							106872.09375											
Cer 34:0;2O	454645.03125	3189604.25	462932.09375		1555365	245113.1796875		1893557.875	150930.484375	209102.8125	253753.015625		998361.125	3179634.390625	761910.8125	946144.375	2688410.5	359268.28125		2243669.59375	459429.5	340003.1875	2451293	662053.8125	1092143.625		413216.96875	611631.4375	790178.375			1680886.59375	580668.875	975083.328125
Cer 34:0;3O	488432.296875	370409.96875	175048.234375	277563.5625	155860.46875		590360.3125	328311.28125		800313.78125	76114.0546875	359631.1875	1949102.1875	691284.875	1141014.5	1844759.75	332053.78125	339921.78125		558734.875		1013981.09375	1220143.25	77795.5234375	787412.421875	888591.4375	165390.546875	177699.53125	414461.9921875	210438.734375	342222.53125	362184.1875	124687.5703125	613502.4375
Cer 34:1;3O	394184.578125	113756.28125	442240.0625	140119.078125		129443.3515625	288697.625		141480.28125	803280.046875	91418.7734375		1044740.71875	502766.8125	1210865.140625	1127337.25	131789.84375	506917.62109375	159835.25	389656.21875	205977.453125	527700.03125	328293.40625		298921.40625	671120.421875	159769.921875	642503.03125	247443.2890625		586447.8125	148018.046875	351570.28125	642762.65625
Cer 34:1;4O	82087.7109375		139716.390625				362081.703125			414990.921875	130155.40234375		569803.078125	142470.48828125	888846.671875	447860.78125		179042.84375	260195.046875	231640.08203125	128260.59765625	444643.0625	467399.1171875		574639.84375	461649.5625	305440.703125	526626.3203125	154643.125		375881.875		376056.265625	687591.04296875
Cer 34:2;2O	191715.15625	206058.625			121897.546875			76173.8046875		330522.90625	220006.890625		369911.546875		318742.15625				122729.5078125		192318.359375	155730.046875	433383.40625	94039.421875		184818.40625	540998.375			131856			116745.34375	
Cer 35:0;2O	186799.03125	784141.09375	107242.3046875	725889.6875	358229.1875	936895.359375	356770.8125	894082.609375	274596.5	178179.828125	125964.6953125	619622.59375	200491.125	320629.9375	260803.734375	936020.25	446626.6875	209320.53125		287734.71875	306291.25	154596.4375	813484.96875	149944.0625	267861.8125	525986.4375		187501.640625	277021.03125	397624.6875	315351.78125	323015.5390625	204410.6875	1252116.21875
Cer 35:0;3O	352038.125	736225.421875		493101.625	71214.9921875	434639.78125		210859.78125		244701.953125		223931.4375	939481	290874.75	891391.375		566897.015625			239888.1875		614212.625	824385.5625	151505.0625	617514.75	102223.6328125	94702.953125			480639.03125				
Cer 35:1;2O	140457.9375								331374.6875	105044.453125								110997.78125	270694.03125						300990.71875		223455.6875						346859.15625	366021.625
Cer 35:2;3O	267390.6875						141657.1875			372901.53125	104390.28125		528892.125	112980.1875	381000	419714.875										310574.78125	210824.5625						328404.4375	177681.390625
Cer 35:3;2O	680606.625		614917.125		123441.5078125		359587.6875	264456.875		1207309.625	254446.421875		1445122.75	304145.8125	1127591.359375	1197471.75		461978.96875	633648.25	275897.75		884709.625	325099.4375		500727.125	1094561.078125	579929.4375	513374.96875	240338.828125		364662.65625		1040150.7109375	781600.21875
Cer 36:0;2O	182613.046875	616352.0625	679577.0546875	1464432.8046875	748200.125	1545586.015625	1354861.25	853055.8125	1100820.25	309730.671875	452048.6875	627047.6875	463232.53125	1414775.3125	642678.375	952819.125	725141	175355.40625	556480.5625	1113130.5	306726.375	678118	888872.609375	1046501.1875	491497.40625	786649.125	113344.5234375	234159.984375	1100502.375	314399.40625	966651.28125	1225326.25	839371.375	1381469.703125
Cer 36:1;2O	174553.78125	476160.75	326771.53125	216898.453125	117703.6484375	636064.9375				150613.203125			305586.65625	147628.046875		208859.359375	516498.9375					197592.453125	112128.265625	626848.1875	424836.53125	219233.953125	371668.40625	176417.890625	394391.09375	197590.296875		112104.265625		
Cer 36:2;4O	301933.75		1016114.5							172791.765625	551060.625		432546.25			463553.9375		241603.328125				134982.96875	315666.125			282752.0625							439048.125	
Cer 36:3;2O	72096.34375			110268.328125	51941.12109375	86985.609375	102120.953125	187955.3359375	482745.984375	92154.03125			174778.2265625				249410.9453125		64780.765625	144520.28125		191032.140625	50481.59765625	165324.1015625	128327.8671875	209467.21875								362933.6484375
Cer 37:0;2O	303830.6875	1034327.25	419668.84375		528308.171875	670946.375	388476.4375	466916.9375	488689.46875		194266.953125	874759.546875		904421	536574.46875	200730.75	462913.09375	133615.734375	283949.4375	897037.3125		411407.296875	748779.78125	203238.71875	283200.03125		260233.734375	258499.15625		190275.65625	840692.875	291478.625	555404.875	856133.40625
Cer 38:0;3O	207121.453125	115372.828125	181167.234375	480092.09375	74196.78125	501268.0859375	376176.90625	339286.8125	274811.34375	117035.296875	155501.46875	348548.25		91906.0234375		225342.875	78380.765625	126741.53125		88494.9296875	87415.984375		188942.046875	229886.8984375	154844.375			336351.171875	249561.796875	303453.59375	459242.90625	463626.9296875		103787.0625
Cer 38:1;4O	232037.625		433203.328125	181928.703125	105638.015625	208556.109375	379976.03125			809065.5			836376.71875		709247.1875	484920.46875	184167.859375	576513.640625	543990.4375	228651.1875	137727.140625	634388.0546875	247347.828125		565301.25	418221.3515625	491419.921875	406543.15625	87466.1640625	134651.515625	220836.171875		832142.65625	351372.28125
Cer 38:3;2O	151388.359375	216196.59375	148451.984375	258837.28125	91620.7890625	332223.53125	319265.375		173722.125	280951.375			404779.03125	334655.921875	430342.234375	440846.1875	186864.078125	139159.21875	314408.953125	195069.46875		203663.578125	197040.5625	118933.4921875	185705.515625	220349.75	128504.34375	125984.921875	170945.203125	144781.328125	175629.578125	156265.703125	414884.015625	254875.484375
Cer 39:0;4O	161159.125	186740.953125		150723.109375	160550.078125	161466.015625	167982.296875	122309.3515625	149243.78125	194015.953125		315318.125	184428.5	441500.65625	205089.421875	359540.7578125	186643.625	304635.1171875		352114.65625	111565.8046875	137625.265625	231757.046875		134291.078125	255358.8046875	96720.078125			161067.25	341572.90625	311527.0546875		121767.578125
Cer 39:1;4O	316730.3125	232518.65625	705831.7421875	185740.75390625		121195.25	803887.59375			897959.15625	428687.8125	92677.109375		170631.03125	2041197.46875	790153.375	115652.09375	873215.984375	1026056.765625	196034.78125	208526.1875	470176.6875	363370.625		1026876.953125	454446.5625	571441.671875	199282.1875	154837.171875	115711.65625	497788.375		334094.8125	378450.40625
Cer 40:1;4O	2807619.15625	1080425.828125	2406646.6875	995818.1171875	870980.1875	1075961.0546875	4231325	882249.26953125		4816897.4375	887835.1875	949543.875	5097249.6875	1695961.625	7685449.75	5294916.5	1132874.078125	4438289.5625	5830644.25	2023789.078125	2199276.75	4731167.375	3261099.1875		5737273.625	3309560.0625	2956823.9375	5154351.375	1307157.4765625	751255.74609375	2525348.75	547754.125	5016805.75	2759941.09375
Cer 41:1;4O	1557523.6484375	1375755.234375	1067509.5	829998.015625	1090596.40625	1314865.5	2235222.3125	1142338.9140625	379872.3125	2481436.015625	523940.78125	1160825.4140625	2943761.8125	1306855.6796875	4184892.75	3263777.640625	1097102.34375	2588772.0625	2915360.78125	1165508.9140625	1108881.859375	2836963.296875	1922797.25	218370.703125	3116842.1875	2102054.203125	1459479.921875	2825905.625	921000.25	847882.203125	1510687	768707.2265625	2819137.09375	2133579.96875
Cer 42:0;3O	2322739.75	1025370.40625	882826.125	754544.875	677355.0625	1057433.875		708114.6875		976497.3125	616335.5625	757183.6875	1738006.125	641437.4375			116944.2265625	841737.0625		539869.125	237168.625	630107.6875	465324.8125	293054.21875		1119677.75	1004368.9375	847366.6875	330239.5	831819.9375		673504.25	2778290.25	330385.78125
Cer 42:1;3O	1000007.5	354100.2109375	647801.0625	221965.859375	94929.515625	566015.125	432129.1875	277746.1875	284983.7890625	1193066.375	283482.78125	231813.078125	1461193.875	242765.203125	1225993.125	1444311.25	177001.265625	705088.125	450761.71875	210224.46875	105143.5546875	1039368.1875	302408.96875	130851.390625	619159.375	1392036.375	413050.625	559886.5625	141312.734375	90682.421875	350637.53125	327006.90625	1457044.125	330136.8125
Cer 42:1;4O	3749826.28125	496627.9375	2823158.8125	502669.78125	557915.0625	681390.5625	4504360.125	2395595.3125	131156.890625	4627053.3125	1409218.375	568686.0546875	6320071.359375	3062144.6875	8262476.4375	6538021	511500.125	4711044.5	5830528.625	2933429.1875	2949097.34375	5862956.6875	3759160.34375	659213.5	5597398.625	4735092.9375	3455514.875	5886858.5	344890.71875	716330.546875	2839152.78125	421040.734375	6771468.625	4442072.5390625
Cer 42:2;4O	159423.046875	240843.6171875								150130.484375			212125.75			250928.171875		114075.9765625				122108.015625				153085.78125		212372					198418.609375	
Cer 43:0;3O	456223.5			131563.734375			906042.5625	174447.3125	99768.515625	107993.109375	1420126.5		233615.6875	283821.234375	80091.9140625	441955.78125		90516.9921875	60005.4921875	229776.453125		87971.484375			321323.93359375	63218.375		137223.671875	101879.1484375	141170.171875	81354.90625		1162947	369464.53125
Cer 43:1;3O	87886.2265625	246172.65625	218714.40625	263940.375	107265.03125	284450.1640625	632986.375	210109.84375	335425.9375	146326.0625	112185.890625	225362.4453125	201805.109375	339425.375	259068.71875	289200.625	159760.6875	120134.0390625	176892.34375	527652.4140625	119550.5078125	241740.625	146005.171875	525456.703125	188324.34375	223424.234375	178364.515625	169940.75	426526.8125		481632.203125	520090.828125	205487.5625	640433.0625
Cer 43:1;4O	666026.125	618608.046875	446584.90625	691376.1875	617506.796875	699524.609375	1513157.1171875	584820.453125	280035.34375	108012.0625	249683.6875	483971.125	359191.890625	885983.015625	2635048.046875	1768709.9453125	499313.125	1294831		905742.171875	792726.375	1507283.25	1060030.953125	188951.21875	1550125.2734375	112060.0859375	669297.0625	1532744.25	676695.4140625	84126.28125	884836.796875	593106.203125	1182253.5	1588635.265625
Cer 44:0;3O	1359975.5	220462		124490.9765625	180887.890625	259462.515625	473421.09375	228285.859375	360985.96875	396234.6875	390001.09375	211207.40625	141330.734375	331270.46875	640899.125	849172.75	220155.203125	325705.5	250505.484375	242686.3125	164362.953125	278960.125	164323.921875	100236.296875	341436.59375	196581.765625	648438.4375	512618.40625	204128.75	265519.4375	376227.78125	267658.15625	1806946.125	212649.3125
Cer 44:0;4O	251204.328125	445633.5625	114244.8515625	356045.5	320437.4375	553857.4375	225681.5	353034.53125	129173.25	135192.734375	92022.1640625	267556.9375		180566.296875			460368.625		231202.203125	122782.703125	99397.0234375		98122.921875	116116.921875		201258	153195.015625		103487.296875		197282.078125	351779.78125	456515.53125	
Cer 44:1;3O	817311.125		437865.25		122662.71875	206492.578125	214076.3125			589404.0625	207090.265625	127425.6953125	587930.75		368040.6875	556825.25	83796.296875	268184.0625	192823.046875	92351.7734375	77080.8359375	349990.4375		56329.18359375	280714.65625	552920.625	312468.25	311938.4375	62053.921875			101835.5546875	989486.1875	55223.57421875
Cer 44:1;4O	334078.09375	527521.640625	114351.515625	194144.015625	366315.5	505028.84375	265193.3671875	381318.15625	208787.671875	168499.84375	134051.578125	380523.984375	240048.65625	612740.90625	1464442.375	915510.1875	252659.234375	138936.375	393656.5	531169.1875	490298.125	774315.125	545235.3125		678195.875	477996.21875	188493.53125	193522.828125	577234.3359375	210856.671875	478862.8046875	167291.28125	827417.59375	1134977.90625
Cer 48:6;2O	145925.90625								64555.24609375	196743.6875								90163.09375			97804.3515625		121795.2109375		113259.5234375			128635.75			167754.703125			
DG 26:1	45295.0546875									66027.5703125		39847.78125																45581.2890625						
DG 28:5	69562.234375									60910.57421875			105759.4609375					181722.234375							86842.3671875	68162.640625		132572.40625						
DG 30:0	222705.0078125	100146.4296875		89435.0078125	124215.78125		556167.984375		67908.15625	852492.5703125	244036.3984375		463056.40625	391034.57421875	255867.40625	807970.8125		389663.671875	122295.671875		74847.1953125	237899.6328125	52261.625		445324.953125	328580.90625	113862.671875	494435.71875	124170.71875	114616.84375	67149.859375	310460.5625	183020.859375	
DG 30:1	395465.03125		60333.546875		993254.4140625							587369		95620.7734375			106120.390625	442934.7890625		127697.328125	419707.1484375	42799.90234375	445697.765625		411495.2265625			83586.796875	60157.765625	1152743.75	63853.96875	440330.53125	100908.3359375	
DG 31:1	325213.8828125	72086.8984375		125674.15625	151794.3828125			87704.0703125	231109.0625	473267.703125	162886.45703125	205645.6640625	151830.046875	179721.73046875	120629.171875	268440.90625	88904.046875	438828.0234375	216930.5390625	104025.546875	189398.03125	446574.046875			268580.21875	452545.984375	172114.078125	536874.99609375	62165.078125	279639.8828125	482957.4140625	123894.609375		141465.42578125
DG 32:0	2819874.015625	655817.46875	1357203.7578125	900119.15625	940334.3515625	485842.5	603759.25	374818.8203125	100581.171875	2160678.359375	1226276.390625	1031152.96875	2662207.875	1455774.5	2106495.59375	1194650.296875	794638.4609375	1917502.4140625	2419532.0625	1711678.90625	845683.234375	1725111.4609375	1401301.71875	179227.3359375	1904872.015625	2136659.890625	2872562.4921875	2115980.484375	220397.1484375	1420273.9765625	1033818.6484375	668585.7109375	3403958.0234375	838405.5390625
DG 32:1	1004971.37109375	747907.6328125	627456.4140625	333529.515625	1057251.44921875	76303.7109375	406949.25	707369.8828125	138999.4375	1249662.0234375	319280.640625	1473353.02734375	673523.0234375	994498	2319589.234375	802070.46875	391902.34375	1823619.19921875	449066.359375	451540.359375	808152.125	1660105.328125	541804.5	111086.4453125	457002	1402274.875	421828.796875	647611.59375	532365.53125	835521.1171875	321805.609375	1092112.484375	1667168.15625	616344.28125
DG 32:2	6619084.25	1884987.625	4437374.625	114378.625	1603256.8515625	180485.71875	1553702.15625	588712.2265625	554691.4609375	9906719.0859375	4677028.15625	1764111.59375	7573623.328125	1079289.625	2063557.4375	2718359.84375	346422.796875	2890969.90625	3335242.9140625	1619841.703125	1290519.21875	5993316.30078125	374891.4140625	417616.5	3126687.8984375	6643157.9375	5550590.875	3809764.03125	1296979.625	2401399.390625	1560956.40625	411961.4296875	6758961.921875	1983306.03125
DG 32:3	252803.8125				114824.9453125				71803.65625	140282.296875		206238.734375	281160.34375		477836.84375	275879.6328125					65261.6484375	280757.98046875				553523.9921875		110399.96875		250216.4296875	48932.78125	139761.578125	229601.3515625	
DG 32:4	57313.23046875									209897.3125		62400.99609375						167736.82421875			109386.7734375	196423.625								64481.515625				
DG 33:0	316888.6875	117092.21875	177764.25				154475.859375	128081.2578125	271502.0625	216843.078125	392773.296875	160990.734375	242782.796875	171305.640625	628186.203125	188297.625		152082.71875	404222.859375	274376.921875	166787.5	226688.421875		64632.62890625	149786.28125	401903.5625	141030.828125	226967.796875	88539.5078125		221135.21875		317689.53125	139157.65625
DG 33:1	573139.09375		261206.015625				344376.234375	130918.0234375	701393.015625	549460.9375	216531.734375		490402.828125		995271.4375	936411.15625		413328	362583.765625		321038.4140625	784111.828125		288866.65625	478049.484375	213535.34375	306061.8671875	728596.90625	499259.609375	329048.25	994830.3671875	580967.28125		903505.96875
DG 33:2	194253.5			61021.2421875			92174.0546875		121889.4453125	386664.40625			53627.87109375	113767.9296875	149180.796875			401657.0546875	65249.89453125	120564.4921875	161219.65625	111483.734375			211632.859375	127741.4375	109240.2421875	207349.390625	129635.3046875	118470.5625	124999.953125		347905.3125	
DG 34:0	1059265.453125	202711.578125	445346.3984375	420867.9921875		126589.8515625	318299.25	485927.4296875	486784.078125	520946.3046875	419834.46875	576635.1953125	395395.859375	684395.3671875	420310.828125	369943.984375	355990.4609375	631389.890625	1084817.375	505622.6953125	106552.8828125	504744.0859375	365139.90625	520495.09375	119071.4765625	519771.5859375	562043.0625	623232.296875	130735.4453125	215712.90625	369269.859375	727567.609375	1038623.59375	
DG 34:1	5518416.75	121129.453125	5230354.5859375	59965.82421875	125749.5078125		3155326.484375	440309.765625	1220111.1875	13651299.609375	4655800.2265625	435841.703125	7797625.1484375	7118097.140625	12371639.796875	440658.5625	220852.9453125	2955779.3125	16005063.90625	2472868.390625	155495.234375	4979176.40625	2386250.96875		4534038.203125	10722952.28125	20830382.46875	5453092.78125	2048421.2578125	199931.265625	2222073.078125	602348.5	17991650.859375	2021944.828125
DG 34:2	1810838.578125	80303.59375	1584382.125		214864.53125	62197.87109375	635793.0625	308365.734375	1020305.3125	1898484.28125	728021.0625	292075.140625	4343756.4921875	512145.109375	2615037.34375	2926472.71875		2046397.40625	913065.625	678769.03125	1044989.25	3614409.5	720472.57421875		1892702.65625	2996378.53125	527245.5	2439701.34375	397313.984375	94489.875	1714586.0625	223841.5625	2079879.5625	676300.625
DG 34:3	610730.51171875		558573.8671875		132859.75		866101.234375	183556.609375		1172115.609375	273443.9296875	179717.78125	1954770.8125	342032.875	1594137.734375	788092.078125		826874.6484375	1703050.84375	210659.0625	104871.0234375	1172938.6953125	617075.890625		1734777.84375	1364001.0625	678998.8828125	902348.43359375		202681.328125	663077.56640625		1637009.7265625	117708.6640625
DG 34:5	157652.21875																				76833.515625									196312.890625			106123.9609375	
DG 35:1	206025.921875		147761.375	81823.03125		131308.34375		87434.9140625	134339.703125	263436.796875	70042.59375		170127.984375	96559.5		138368.71875		287017.140625	113239.640625		95660.515625	101622.09375			123797.875	274212.5078125		314106.75		121040.046875	233830.578125	91876.015625		99658.5390625
DG 36:0	358255.21875								149243.78125									176875.40625	685117.4375	352114.65625			231757.046875								341572.90625	207821.0625		
DG 36:1	255606.125		547311.25	819420.5625	740593.25					696732.75	458993.4375		1228503.53125	1591310.0234375	387983.40625	317522.28125	441391.96875	640937	1236781.3125	366093.625	898133.875	749148.15625	577012.375		375748.0625	710118.6875	750595.5625				362437.09375		4097283	
DG 36:2	8825617.83203125	336319.9921875	8175424.1640625	1837631.44140625	2369614.953125	180470.4921875	1510882.40625	454178.078125	1251826.546875	9543861.2109375	6653269.1796875	537307.84375	14831823.984375	9851035.890625	5725922.828125	6653632.75	1861449.265625	6740679.09375	8192377.7109375	6497674.703125	5639504.78125	4331104.9375	5944427.5234375		3003291.296875	4169070.875	11732996.3984375	5133290	3183088.21875	927047.0703125	6065436.46875	625697.5546875	22886834.1484375	1400878.15625
DG 36:3	1806687.609375	135610.984375	1002203.828125		404320.859375		374197.203125	220390.25		961344.0625	746521.078125	230769.296875	1544028.8359375	895456.4296875	567650.703125	524550.6484375	139724.234375	1710529.03125	2972220.6015625	451914.625	2840635.046875	1761367.6171875	328693.6875		1467519.7890625	2339438.21875	1395639.96875	2179752.75	393656.0625		1010251.8203125		1479204.3203125	600805.3203125
DG 36:4	1514915.2265625		1525021.90625		116493.625		1026368.25	233652.765625	151572.984375	3290525.578125	1320475.4921875	93869.2890625	3183800.46875	837652.5546875	3996685.28125	3364503.46875		5792187.21875	3049304.953125	607174.421875	1080444.265625	4463575.6875	2161449.375		3026594.65625	2093681.359375	2813053.46875	5013468.953125		111625.6015625	1853498.734375		2693107.53125	413515.0078125
DG 36:5	820740.859375		1069256.0390625		461234.359375		2615413.671875			2609924.671875	591035.5078125	118662.4609375	2334317.5625	281185.6875	3375898.859375	2138925.21875		1325492.484375	4167118.5546875	112740.59375	478987.671875	1374344.46875	1860728.7421875		5019407.984375	2428195.09375	1081990.2109375	2749258.015625	87070.6875	624302.359375	1134388.046875		1306915.34375	493130.0859375
DG 36:6	499740.28125	365595.22265625	256535.125		1204794.796875		581674.5			1046279.2890625	200053.671875	1092923.6015625	774306.53125	132587.96875	1338793.125	788625.2890625		1330092.3203125	1079635.0546875	181393.4296875	841981.203125	932431.0234375	640048.2734375		2353106.87890625	974318.34375	424888.1484375	1632019.2265625	131033.671875	1577263.6640625	619643.84375	373165.6875	1143904.171875	303389.15625
DG 37:0	119681.0078125	202948.828125		217488.953125	113973.0625	216624.078125	143747.375	119433.515625	126697.890625	90984.921875		143673.046875	139000.8125	146951.125		98081.1328125	176952.171875			111732.84375			144819.234375	96230.8984375	146600.265625				93483.59375	140007.109375	145688.046875	141165.96875		116116.015625
DG 37:4	78373.53125									145732.265625												37570.77734375												
DG 38:2	240755.828125		165401.1875				117124.7734375		140294.765625	190935.921875	90936.78125	78339.90625	318330.3515625					174912.84375	511273.875	77861.1953125	192354.640625	58957.140625		79294.9375	82096.3515625	154750.078125	313490.578125		87320.2421875				127818.78125	70235.234375
DG 38:4	269357.5078125		180295.34375				175955.796875			443632.03125			167309.203125		204922.34375	202800.65625						153842.296875				188369.859375	75932.3984375						270336.15625	174833.578125
DG 38:5	2720995.765625		2096316.6015625				1040104.671875		333911.4375	3118578.5	1512869.6640625		4770468.90625	1093743.5625	2247394.28125	2244701.4140625		2361031.0234375	3350670.953125	592981.578125	183681.71875	1727133.21875	719266.609375		1723423.625	2615237.96875	2902737.98828125	2213133.28125	432959.8203125		1106753.71875		3137465.265625	511574.28125
DG 38:6	1208553.5		674838.75		149606.53125		976055.25		367916.375	2131667.25	605803.1875			652296.25	1352827.25			2008334.875		589461.125	455393.15625	1137770.625	747888.0625		1467240.5	1488888.75		1764836.75	685109.6875	175424.484375	1059508.25		1558100.75	1878361.25
DG 40:6	196165.15625									435365.375			385430.03125		237909.09375	246374.75		385477.84375				95795.171875				247128.03125		259379.328125			257470.40625			
DG 40:7	193254.84375		118134.1640625							262496.90625			248235.109375		270229.125	304355.3125		269867.78125				245668.609375			154286.859375	248282		189974.859375					228993.578125	
DG 42:2	274420.375		314712.578125							313209.5625	154394.609375		525207.96875			193207.09375		123050.453125	604153.25			154102.1875				367821.6484375	357900.234375						278242.9375	
DG 44:7	246852.796875									166995																								
DG 56:12	230457.671875		307648.3125			106687.359375	586739.9375	158055.6875		293304.125	117793.15625			224392.265625	237493.09375	248763.125		346960.09375	1068378.125		320309.09375	165179.734375		69323.140625	901000.9375	285377.34375	509372.15625	265668.15625			386693.09375		546349.25	189751.75
DG 57:5	240646.609375									142475.09375			253779.640625	151765.546875												132655.9375					79070.640625			124429.6484375
DGCC 32:1	483605.21875		126658.71875		80690.5234375				103952.1953125	765600.4375	106078.484375	89296.109375	332026.09375	90770.7421875	450206.8125	214554.65625		859113.25	122430.75	74477.0703125	350089.375	259814.46875	90051.5390625		274959.84375	410766.78125	77905.875	646615.3125			204934.515625		299178.09375	52498.21875
DGCC 33:0	164427.90625						188464.5625		126614.40625	183001.640625			99266.2265625		374576			432687.75			257998.859375	233730.984375			480322.40625	229694.015625		703979.125			342152.84375		132013.46875	
DGCC 34:1	325596.5625		122723.4140625				191252.875		155304.9375	500179.296875			187929.453125	115174.5078125	336410.03125	122293.546875		625824.875	93903.375		455836.78125	212216.15625	99805.09375		458089.3125	295406.4375	87864.640625	682433.625			374971.3125		341656.46875	
DGCC 34:2	352207.46875		110104.015625				357005.40625			269744.125			145345.46875	102599.7578125	303666.34375			828400.4375			406033.46875				757852.6875			1026322.5			457981.96875		278539.03125	
DGCC 35:1	118634.4375		145566.921875				275963.5625			897023.5625		118487.0234375	537829.0625	123803.453125	861868.359375	253502.96875		1702013.625			190064.140625	612017.921875			1199661.09375	653896.0625					691050.21875			
DGCC 36:2	993678.109375	180511.078125	259490.234375	132996.796875	179279.875			113387.609375		1189757		127911.03125	321003.75		702812.953125		144025.25	1214949.375		212660.703125	1041288.375	449478.0546875	177719.171875		810975.625	599406.140625		1428239.125				161359.65625	883533.0625	
DGCC 37:3	146413.765625									92698.2265625								206736.90625			148869.53125				147669.671875			188427.84375			119305.4609375			
DGCC 38:2	233534.734375	155597.453125		226429.234375		174777.078125		66493.953125		239519.703125				98521.8984375	143893.578125		194201.640625	138832.046875			82116.6953125				158085.625	173868.96875		248021.5625		141800.984375		100711.03125	149212.046875	
DGCC 39:1	343391.71875									291735.8125					172771.03125			331671.375				159531.0625				179864.09375		310071.1875						
DGDG 32:2	239686.328125	290959.9375			674066.75													572704					185788.46875					302440.71875					123681.171875	
DGDG 34:2	388976.34375		438495.875				713645.25			731428.625	224107.984375		857960.125		2194735.25	829406.0625		715522.5625	2251801	309946.34375	625625.5	848047.375			1716532.875	879505.9375	555865.375	1132635.75					878314.625	
DGDG 36:5	152197.65625	89283.53125	127115.0625		93997.8359375		222625.03125			349651.34375	90853.4296875	217191.53125	292716.4375	86823.734375	535248.4375	192509.515625		374399.453125	431507.53125		210539.9375	209241.3125	214698.421875		461884.59375	240366.25	177763.265625	317206.09375		62131.8671875	193890.640625		354803.1875	153973.796875
DGDG 36:6	154646.84375	260538.875	190792.375		674033.33203125			59631.515625		81696.796875	153396.625	668787.890625		50210.37890625		260489.15625		431843.21875		174598.765625			179793.109375		46116.51171875	220790.390625		209897.953125				229712.421875	69371.5	216979.75
DGTS 30:0	198523.109375								82751.6171875	135838.4375					128024.6796875			288859.5			165739.15625	123052.609375			140496.3125	108118.984375		228992.140625		97930.7421875	119513.5390625		117536.0234375	
DGTS 30:1	491909.21875	222588.515625			394256.28125					148669.75								1322040.875	59670.91015625		393282.09375				73062.890625			698607		595910.0625		315604.78125	155783.984375	
DGTS 30:4	43877.6328125											46837.71875						72016.03125																
DGTS 31:1	283482				104314.0078125					330811.625		187451.109375	108436.953125					623324.1875			245823.21875				141932.421875	150050.390625		308868.625		128846.0703125	116526.9921875	93449.328125	249720.9375	
DGTS 32:1	228401.125		85463.671875	141211.96875			801397.8125	248953.296875	985675.9375	269099.59375	544599.6875		257401.671875		240666.921875	652015.25	187976.96875		723321.1875	534126.25				115317.25			531189.0625	409131.15625	134972.921875		190664.21875	897264.4375		382179.15625
DGTS 32:4	59621.33984375									57747.9765625		77895.6328125						68136.6953125			270149.90625		62873.35546875					87648.77734375				233051.1875	78484.484375	
DGTS 33:2	129117									111813.8828125		109565.546875			91489.03125			351954.03125			121895.625												94262.6015625	
DGTS 34:1	135871.734375	1373212.875	132709.6875	939115.3125		583628.5625	2084548.875	659020.1875	2460724.5	325502.65625			308046.96875	1884284.25	366717.8125	2492791.5				247806.71875	603750.1875	243575.328125	1035387.8125	245440.328125	403612.5	194329.28125			587195.9375		390552.75	1249543		1201026.5
DGTS 34:3	145158	171076.171875			276153.03125					131958.578125	100617.03125				97240.328125			308883.59375	358477.375				158472.0625					158881.578125		271390.46875			97926.703125	
DGTS 34:4	840107.09375	62519.609375	65765.296875		134308.875						184624.0625		251730.9375		422379.03125	200281.359375			557823.3125		501886.40625	395283.75				446733	268942.9375					162942	364805.71875	
DGTS 35:0	406354.625									1096063.625		113525.625	578645.25		1074294.625	314646.1875		326910.5		131576.78125	200432.359375	714514.25			270381.96875	988539.375		330944.4375			291019	122454.53125	257557.828125	
DGTS 35:2	654208.9375		203361.625				165707.375			750107.4375			359003.46875		644455.9375				232444.234375		257184.265625	376019.15625				398040.9375		647080			237005.484375		723623.875	
DGTS 36:1	1260071.625	336690.125		334861.40625	268744.625	219355.828125		171417.796875		2461588	255775.421875	309200.75	926012.875	650118.25		612255.5	267492.3125	164341.265625	361786.90625	530908.5	992063.9375	1623811.875				1727802.75		171449.09375		443234.46875	1082326	298667.84375	897514.5625	377363.90625
DGTS 36:6	946812.8125	367741.5625			616795.5625					137368.125								128968.703125			165952.65625				78302.9765625					852672.25		1148908.0625	543623.3125	
DGTS 37:4	96057.75									88677.3515625															51056.2265625									
DGTS 38:2	624291.125	106495.140625	165523.4375		102608.7265625		254283.1875		198845.234375	1220251.75	146541.84375	167804.171875	403567.40625	223100.71875	1017329.0625	288961.46875		1303595.75	190619.515625	228503.171875	519926.625	754443.3125			614875.8125	744392.25	154258.921875	1120252.75		145323.921875	542475.625		221300.9375	129787.6953125
DGTS 38:9	601823.71875									56987.46484375								578768.5625			239368.375									366622.1875		101881.2734375	76378.5390625	
DGTS 8:0	59822.93359375		85264.6015625							57647.72265625																					62295.44921875			
HexCer 41:4;2O	146413.765625									92698.2265625								206736.90625			148869.53125				147669.671875			188427.84375			119305.4609375			
HexCer 42:1;4O	854227.5		1259849.75				1553655.375			1049111.625	592707.125		1417108.5	416308.28125	2067229.75	1415947.625		1078771.375	2823505.25			1230521.5	925069.6875		1966620.5	1025929.3125	1487968.75	1683430.75	179270.859375				1955923.375	
HexCer 43:4;2O	199430.984375		167652.21875				144016.53125			519510.8125	85024.28125		527133.8125		475256.6875	423451.1875			220786.328125						337085.21875	339158.34375	147438.78125	347294.09375					313777.28125	
LDGCC 30:1	198523.109375								82751.6171875	135838.4375					128024.6796875			288859.5			165739.15625	123052.609375			140496.3125	108118.984375		228992.140625		97930.7421875	119513.5390625		117536.0234375	
LDGCC 30:2	491909.21875	222588.515625			394256.28125					148669.75								1322040.875	59670.91015625		393282.09375				73062.890625			698607		595910.0625		315604.78125	155783.984375	
LDGCC 30:5	43877.6328125											46837.71875						72016.03125																
LDGCC 32:2	228401.125		85463.671875	141211.96875			801397.8125	248953.296875	985675.9375	269099.59375	544599.6875		257401.671875		240666.921875	652015.25	187976.96875		723321.1875	534126.25				115317.25			531189.0625	409131.15625	134972.921875			897264.4375		382179.15625
LDGCC 32:5	59621.33984375		3065346.5				2614299.75			57747.9765625		77895.6328125			143531.59375	2847557		1185708.171875		658016.625	270149.90625	116630.03125	62873.35546875	1153591.375		2782823.75		1357242.52734375	550856.625	2011525.625	2010779.75	233051.1875	78484.484375	840591.1875
LDGCC 34:2	135871.734375	1373212.875	132709.6875	939115.3125		583628.5625	2084548.875	659020.1875	2460724.5	325502.65625			308046.96875	1884284.25	366717.8125	2492791.5				247806.71875	603750.1875	243575.328125	1035387.8125	245440.328125	403612.5				587195.9375		390552.75	1249543		1201026.5
LDGCC 34:4	145158	171076.171875			276153.03125					131958.578125					97240.328125			308883.59375	358477.375				158472.0625					158881.578125		271390.46875			97926.703125	
LDGCC 34:5	840107.09375	62519.609375	65765.296875		134308.875						184624.0625	390719.375	251730.9375		422379.03125	200281.359375			557823.3125		501886.40625	395283.75				446733	268942.9375			222215.078125		162942	364805.71875	
LDGCC 36:2	1260071.625	336690.125		334861.40625	268744.625	219355.828125		171417.796875		2461588	255775.421875	309200.75	926012.875	650118.25		612255.5	267492.3125	164341.265625	361786.90625	530908.5	992063.9375	1623811.875						171449.09375		443234.46875	1082326	298667.84375	897514.5625	377363.90625
LDGCC 36:7	946812.8125	367741.5625			616795.5625					137368.125								128968.703125			165952.65625				78302.9765625					852672.25		1148908.0625	543623.3125	
LDGCC 38:10	601823.71875									56987.46484375								578768.5625			239368.375							219627.015625		366622.1875		101881.2734375	76378.5390625	
LDGTS 20:5	2304235.25	1213556.625			1661074.875							4700061						3791751.25			1086642.1484375				148163.703125			1098865				577342.875	695761.625	
LPC 19:1	57086.91796875			68193.21875						130712.53125												110842.0546875				167296.515625						164039.703125		
LPC 20:5	63838.28125	65733.5859375								79083.1484375											85307.0703125									272810.640625				
LPC 30:1	88980.2265625									249079.03125								68984.3671875							133230.625	343814.125		55063.05078125			98691.1328125			
LPC 32:0	315206.8125									648781.75					266067.15625													368808.71875						
LPC 32:1	96583.46875									849092.75								586191.875										1539698.875						
LPC 34:0	391948.65625		187128.671875	388358.6875				105439.21875	374910.59375	310022.65625	239870.09375				302487.53125		267848.53125					411348.6875				364268.625		291197.21875			233661.78125	777069.1875	317235.90625	
LPC 36:5	237089.359375	215405.953125			1019985.125					1273058.5		550328.8125						1424916.125			482916.34375	137505.890625			219538.03125	144046.8125		4635890		68225.15625	165265.359375	501946.65625		
MG 16:0	1361082.625	140399.9375	1833044.96875		332369.62109375		665589.03515625		205359.484375	3143253.125	1475728.1484375	82092.3046875	2664905.8125	891440.390625	1591135.0625	3452895.140625	119689.671875	687947.75	4092858.0703125	689449.875	249369.578125	878575.28125	614729.5625		610532.625	2347871.640625	2524354.7265625	1066362.75	467009.25	411881.71875	750524.9765625	88492.890625	704807.1875	504405
MG 16:1	1688065	631738.3203125	1933349.625	53588.60546875	927962.78125		938026.8046875	69766.515625	280545.953125	5234282.1875	726528.6875	1423080.41796875	3689586.78125	84190.640625	4996426.75	6002427.875		2369651.71875	905594.109375	197502.6171875	712499.71875	2822876.75	391790.0234375		1670211.875	4498457.5	1888268.96875	2168014	159980.28515625	2087652.265625	664062.96875	487586.78125	2986772.5	275688.53125
MG 16:2	58481.87109375											47047.61328125	199793.3515625		199507.890625							53157.3046875				482748.203125								
MG 17:0	154511.203125	76963.109375	225295.5			128785.5390625	195895.93359375	136633.70703125	298312.71875		601805.453125		156443.59375	176929.9140625	443402.875	486324.515625			581455.21875	166120.9609375		391237.140625	162655.265625	119545.28125	294711.6796875		507965.109375	66080.234375	341611.16015625		307883.703125		86960.3046875	360980.03125
MG 18:1	2469605.84375	46461.0859375	2930855.625			66238.890625	674174.3125		323190.53125	1031602.90625	1394911.671875		3024911.4375	1231092.21875	1923589.03125	2302666.4375		1377381.203125	4247696.09375	1227843.296875	803657.234375	2161647.9375	843802.671875		1339781.5	2966122.5	3958040.53125	891627.875	554952.8125	179097.875	1075082.03125	74643.25	3564265.390625	650123.90625
MG 18:2	209510.9296875		350663.984375		47832.375		293633.125			1768862.96875	155942.62890625	71206.171875	596225.984375	60192.03515625	1602240.78125	703561.359375		836718.5625	949540.390625	69746.25	251849.3203125	231224.46875	255786.4375	60382.40234375	1190884.9375	778075.375	216471.375	1236034.65625			187825.578125		391948.859375	150112.015625
MG 20:4	487890.96875		535954.875		127566.390625					908410	162712.59375									58415.52734375	146934.8125	623338.6875	76821.984375		70224.40625	479482.96875	238506.84375						518657	61802.97265625
MG 24:0	429369.09375		583476.171875		86137.6953125		331818.46875			461014.359375		103635.2265625	929458.5625		1841072.3125	1429282.5625		512591	664503.796875			627856.234375	274194.90625		271602.78125	1498682.03125	836548.984375	845256.4375			318670.65625		908692.171875	108622.859375
MG 24:1	224565.65625	309231.78125				265534.96875				136619.1875		230282.265625			181502.390625	299492.9375	402926.71875	191375.328125							155262.96875	381325.5					112873.0078125			
MG 26:0	301823.1953125						839765.5			441900.234375	333993.484375		1103926.84375		3496720	3602982.875		1021532	1603968.875		207819.3359375	478539.453125			769988.375	1417133.3125	947400.4375	737472.03125			522040.6875		1322707.09375	
MGDG 34:7	127448.953125				208068.25							120555.640625						161344.921875			814216.75		255737.390625											
MGDG 36:6	448509.03125		315257.40625							960673.875	251579.96875	254218.953125	880469.9375	271314.8125		523438.40625		1049643.875		163185.875	338949.90625	636540.1875	587319.6875		2126949.25	746271.3125	624678.8125	1632460.875				85478.8125		
PC 30:1	1327417.25				102928.4140625					75821.171875								161854.921875										125297.375		217721.5625	337669.3125		162565.25	
PC 31:0	265292.75									327163.40625		150747.421875			202309.421875		85226.671875	355222.9140625	76024.515625	86775.9921875	108860.7578125	118168.09375			96112.578125			248205.03125		71154.9375	168875		107866.71875	
PC 31:1	284137.4375									455345.875				393547.65625	126513.4375		157011.546875				272943.6875	159578.953125				185102.328125					549750.0859375	245986.3125	96305.609375	
PC 31:2	586363.640625									344137.625					458187.375						202901.15625					457674.5		351332.15625						
PC 32:0	1498884		109688.7421875							1497846	134766.578125	612260.5	492131.859375	153035.890625	1310363.25	226631.203125	129833.0390625	1279431.84375	191836.234375			1620426.375			211216.25		256980.25	277259.9375				1191695.875	1015101.5	
PC 32:2	1178325.5625	81103.1640625	90474.3671875				61031.70703125		229715.40625	1592520.1875		395775.78125	70784.9375	99234.6796875	417497.390625			339170.3125	131895.515625	340886.5234375	1011384.1796875	903274.9140625			359055.2109375	113727.09375		988836.5859375			399559.8125	217869.859375	425536.6484375	67486.828125
PC 32:3	80256.1796875									305590.8125								388523			99229.875	162605.609375			457967.96875	228475.890625		57370.734375			200906.09375		299191.3125	
PC 32:4	56619.328125													54043.76953125		67678.8515625				120521.78125											117852.5859375			
PC 33:1	311707.9375			121642.875	308451.6796875			109789.265625	154146.0625	706643.125		117078.1640625		196548.59375	960932.40625	157518.40625		236199.921875		152193.765625	1303367.15625	526683.75		95723.9921875		712860.8125	452641.1875	258770.375	88165.921875			174702.875		97098.0390625
PC 33:2	2803201	101867.59375	148605.5	185766.640625	107270.4140625		202250.09375		236871.578125	152095			89587.265625	177157.15625	227502.5		150573.71875			95401.5234375	268595.1875	1657023.71875			1129606.625	415665.71875					439882.28125	164677.796875	570288.921875	114923.1328125
PC 34:1	3742416.75	251662.375		297486.0625								1050593.375						5629729.84375	107212.2265625	374896.75	98946.765625	438814.9765625		62339.515625	355363.59375	1119428.625					486618.8125		1961407.125	130973.171875
PC 34:1;2O	497232.6875									485329.875	85550.890625				270735.625			477233.84375								223521.96875					196594.265625	71511.6953125		
PC 34:2	1127216.375	473351.25	1102393.7265625	192284.484375	589320.6875	56090.421875			321165.90625	308042.71875	251666.96875	413173.84375	123262.203125	281682.015625	5727026.625	428646.3125	121936.96875	7437924.75	460691.03125	127568.515625	725825.9375	5179931.3125			4771193.25	1820224.75		221382.6875		954735.5	309710.46875	296746.0625	2127245.75	286955.625
PC 34:3;O	72520.078125									174751.6796875												111073.578125						91326.09765625					60822.49609375	
PC 35:1	2301036.3125	96216.234375	124178.0625	148441.765625			325484.90625	455597.09375		244660.40625	151567.546875	187070.8125	833594.0625	114377.9609375	1979869.875	562498	1481605.015625	1216796.5		922833.28125	706913.5625	2697403.25		124909.25		2758558.25	543401.6875	2313184.015625	81494.078125	420656.46875	1580430.125	301430.15625	1200855.875	278767.875
PC 35:2	1041961.4375	255038.5625	471963.6875	935767.875	220226.609375	127091.921875	544637.625	325172.4296875	1772993.15625	1486662	328355.71875	333612.71875	306931.53125	486853.328125	781704.625	242122.84375	711223.1875	699738.25	230687.265625	765332.1328125	330918.875	1047183.6875			906769.515625	1312813.359375	160715.375	1212408.8125		396709.8125	1479490.390625	1177718.5625	1076065.28125	145742.109375
PC 36:0	245819.125	395358.28125			154853.1875		191222.53125	285236.03125			250104.0625				390612.03125			256561.328125	453305.40625		209731.9375	462985.78125		79828.5234375	308564.625	410957.84375	218126.890625			284905.71875		321254.375		168874.890625
PC 36:2	12497172.15625		2106689.25		697423.5		861992.0625	445971.3125	3261598.5	182126.546875		1610192.375	1616680.125	1279915.125	5639574	901886.125		16256699.875	795098.375	1388463.75	6508938.0625			70959.0390625	3739387.25	7848824.90625		274242.03125	130477.5546875		4204099.21875	1597591.75		
PC 36:4	1412811		585802.75		140868.625		363140.21875	97949.984375	370748.109375	1127057.375	623033.671875	310614.921875	576327.984375	398423.9375	2003691.75	202365.4765625			1070235.7421875		1794677.96875	2438409.75			2454061.46875	2859595.375	198776.5			145424.453125	1402797.71875		1238925	
PC 36:5	583128.484375	173475.53125	286022.296875		573799.5		160830.25		74628.6328125	1550580.8125	142299.84375	822306.3125	227526.21875	156670.84375	934649.625			1826094.625	244203.6875	225224.25	654707.6640625	902659.890625			994909.375	482646.0625	65304.6328125	2199371.25			662818.328125	333790.59375	458197.9765625	116453.2578125
PC 37:1	434683.28125	189282.375		356972.28125	96123	191238.4375		114266.8984375		470791.375	193472.53125								157558.796875						113825.875	96648.5				150861.640625			194942.5	
PC 37:2	7886803	383806.109375	836421.28125			879656.9375	969843.5	212291.3828125	1216866.09375	13085647	547563.1875		335197.65625	472319.78125	2394090.75	356124.90625		6295469	459217.953125	519074.5625	304548.90625	3103865.875	123871.2109375	279252.03125	268566.03125	8419410	265787.125	7660258	283910.125	333338.5859375	1007326.4375	1339160.609375	1516915.0625	978039.25
PC 38:0	96146.8359375								76177.65625	124693.765625								123406.8828125				110937.1484375						115772.6640625						
PC 38:2	298453.5625	1232418	1712483.25		823113.625	1070967.875	519974.59375	1002427.4375		8374449.8125	129186.171875	2873381	870179.1875	1506996.75		581929.875	2832865.75	4007780.1875	100435.1015625	1817983.75	1424873.796875	204268.375		282067.5625	1633136.625	6352393.03125	688317.875	5347868	193335.921875	1315781.375		5552204.5	362260.65625	531659.625
PC 38:3	145561.09375		72023.109375						194423.3125	891976.59375	84968.828125							519651.125		79596.9453125	163055.5625	89507.890625			147035.234375	265773.25		679497.578125			165441.828125	108969.8203125	150439.15625	
PC 38:4	185188.5		115375.390625							246622.171875					267907.59375							140323.09375				122833.6796875		256163.578125						
PC 38:6	1212536.75	124074.0859375	238096.15625		534569.8125		135616.734375		228389.65625	189626.453125	307956.34375	291782.34375	241911.109375	201163.375		70494.9609375		366891.96875	225398.515625	209368.859375					509121.4375			369796.5			632196.0625	344138.25	609761.25	158791.65625
PC 39:2	86497.390625									118006.734375																		101806.375						
PC 40:5	330608.0625																	433637.5				230458.796875				246996.0625		112063.546875						
PC 40:6	302278.96875									170431.3125		101683.171875			167306.296875						135300.484375	242331.640625			109520.140625	261700.21875		287031.65625		80339.90625	167965.265625		104608.75	
PC 40:7	134267.34375				186093.5625					516039.28125								483629.78125			95440.0546875	128443.171875				150901.046875		439129.53125		149011.0625	98027.7109375			
PC 40:8	159470.5									178107.359375					165403.078125			109601.5390625			157945.84375	192560.328125			82030.6640625			158727.25			99485.8125		91505.078125	
PC 40:9	97084.046875				67365					416370.21875		61117.515625						56553.046875			83396.015625	62260.8828125				70550.3125		70174.5390625						
PC 42:11	90668.5859375				68333.8515625					71378.6171875		118200.859375						223246.265625			94052.4453125							161611.09375		96231.9453125				
PC 44:12	89386.2421875									112855.2734375								199012.453125										120188.8046875						
PC O-30:1	88980.2265625									249079.03125								68984.3671875							133230.625	343814.125		55063.05078125			98691.1328125			
PC O-32:0	315206.8125									648781.75					266067.15625													368808.71875						
PC O-32:1	96583.46875									849092.75								586191.875		54864.4453125								1539698.875					160145.59375	
PC O-33:1	352513.1875			100590.859375	65666.90625				327554.21875	984502.5625	113175.4921875				166103.859375	96373.9140625	75188.71875				187241.6875	156937.546875				213201.0625				143931.390625	267704.6875	231662.296875	203851.96875	
PC O-34:0	391948.65625		187128.671875	388358.6875					374910.59375	310022.65625	239870.09375				302487.53125		267848.53125					411348.6875				364268.625		291197.21875			233661.78125	777069.1875	317235.90625	
PC O-34:1	214961.59375				400978.25				192262.9453125	228637.734375		70173.109375			314085.59375			172741.546875				217173.6875				326434.0078125								
PC O-35:2	129456.8125									427820.40625					129220.9375			141828.359375				102115.4921875			131489.28125	94949.71875		297848.28125						
PC O-36:5	237089.359375	215405.953125			1019985.125					1273058.5		550328.8125						1424916.125			482916.34375	137505.890625			219538.03125	144046.8125		4635890		68225.15625	165265.359375	501946.65625		
PE 31:2	70514.8984375									85247.15625																		83970.09375						
PE 32:0	543861.5625	204312.21875	1465477.140625		138314.5	156416.5625	490666.859375			1469455.5		150967.671875	186581.890625	1328945.21875			288384.34375	378273.84375		1126412.875	288733.875	789876.75		59854.8828125		1146875.875	1164325.921875	586500.5625			736375.375		1934693.03125	207977.171875
PE 32:1	1855300					112697.6796875						158772.703125	137830.140625	141978.53125	2600375.5		144791.78125	3709030.25			1675864	459956.0625	252459.578125			496961.75		3602217.75	109714.0546875	251107.640625	322393.8125	283352.0625	253252.453125	
PE 33:0	312355.46875	264443.03125	170289.671875		179105.5625		214585.15625	223624.75		286793.8125		308295.09375	133147.84375	415380.3125	552024.4375	141943.765625	395913.125	730406.15625	181210.765625	442822.46875	241472.65625	556068.3125			229465.6875	691174.5	123110.28125	532036.1875	67489.8359375		521562.5		325340.6875	131261.4375
PE 33:1	1327417.25	220239.078125	397955.1875		379060.625	312276.625	637614			1732679.546875	691176.0625	663845.125		718327.0625		411830.5625	618693.8125	1647554.5	402602.15625		833888.4375		127596.359375	91125.5546875	850066.125	1553752.5	200344.65625	1700160.625	138061.671875	217721.5625			768789.6875	357964.03125
PE 33:2	431353.8125	137358.828125	96450.078125	146962.5					368121.46875	752602.3125	109097.953125		224064.046875		431359.28125	137110.421875	110477.7890625	618576.375	88759.6484375	163523.5	341767.5	436560.59375			287791.3125	436696.03125							183598.890625	127476.21875
PE 34:1	1270643.75				211064.109375			170310.609375		1666033.5						236869.921875	157011.546875	2034383.5							684982.75			1453317.875				245986.3125		
PE 34:2	229985.046875	323282.46875	374128.65625	212183.109375	470225.78125	90386.1953125				344137.625		464964.21875	523829.5	545697.6875	351729.0625	386472.53125		3287265	400691.84375	353675.4375	1195550		198966.875				196064.765625	351332.15625		169920.890625			894303.875	
PE 34:3	154971.875		64898.48828125				117778.9765625			128625.5078125	79671.9453125			96379.8203125	287670.15625			593183.5625	184418.1875		131285.640625	280483.09375			288479.625	210071.84375		597186.4375			213439.09375		122801.1640625	
PE 35:2	623497.921875	130820.0546875		134151.890625											496020.71875		119683.1171875			190836.609375		475214.9375				743070.296875	76420.1953125	667145.25				217869.859375	334590.5625	
PE 36:4	440454.765625									223476.5625			176850.578125	170350.3125	718846.328125			1034697.59375			337238	772449.734375	98505.9296875		522813.46875	154327.015625		94323.6875			336550.5			
PE 36:5	162680.203125									194363.6875		242395.53125			110788.96875			320606.71875			198981.125					126008.5703125		217368.8125						
PE 37:2	694593.75	156527.984375	221406.65625	252885.15625	688966.3515625		165890.796875	124299.2890625	503373.3125	308042.71875	292350.125	175319.625	179525.75	262002.046875	565057.6875		271154.46875	401008.03125	192328.03125	311822.25	247645.109375	745502.0625			233700.09375	741981.375	122870.078125				361610.46875	514013.59375	344108.75	157915.890625
PE 38:2	286651.625		127885.65625	196811.9375				92455.6484375	272981.28125	359369.09375	239549.609375	333612.71875			275423.75		176077.859375	199122.390625		146756.0625	128943.609375	375360.25				387758		252809.671875			162084.5625	423364.875	165506.21875	
PE 38:6	469664.4375		132706.109375		259017.015625					947912.3125	161002.34375	103313.9375	159727.15625	137663.984375	383613.0625			891284.75	145509.078125	134154.546875	273164.6875	394304.0625			199277.34375	496776.34375		833994.125			230426.21875	130728.0625	287025.0625	190089.21875
PE O-30:0	159076.34375			73482.21875						168993.140625		106008.609375			195740.671875			200306.03125			76851.109375	163769.1875				138153.6875		177725.09375			178695.34375	114969.953125		
PE O-33:1	88980.2265625																	202483.4140625				121141.3984375			133230.625	343814.125		55063.05078125			98691.1328125			
PE O-39:5	237089.359375																					137505.890625			219538.03125									
TG 39:0	174519.046875												90323.2109375								80012.6015625												148729.421875	
TG 44:2	280201.71875	195571.65625	114748.03125		344676.1875		295923.625			209723.53125	135726.625	382476.875	176855.859375	135859.25	236872.28125	224217.34375		370718.53125	450103.65625	129804.6015625	375746.96875	188207.203125	236578.28125			175480.046875	186643.734375	379056.0625		446804.53125		196509.859375	241697.765625	187648.6875
TG 44:3	132921.9375				224644.625					156182.171875	104278.875		99999.578125		248112.453125	166057.703125		268923.625	479148.1875			154207.234375	122752.0078125		90120.5234375	97171.171875	116637.25	259967.1875						99260.3203125
TG 45:2	154827.90625	80358.3671875			107297.640625					167303.3125	125206.2421875	94495.296875							389976.9375								184161.875			118529.5625				
TG 46:3	896845.0625	547785.1875	313211.75					110806.3515625		889487.75	293591.71875		867207.5625	188079.328125	1272464	958023.3125	152236.875		847538.9375	132241.4375		991413.625	498418.375	64371.359375		881496.125	460320.4375	855411.9375					1029626.4375	198773.84375
TG 46:4	439406.40625	518195.9375	68225.5078125							148763.875				103337.421875			95604.2578125	1093822.75		74905.921875					129903.6953125			574302.125				614794.75	280332.625	108178.0859375
TG 47:1	158673.40625	293247.28125		95778.625		105607.3203125	326483	95235.734375	128524.8828125	99550.625	218506.46875		145481.125					177011.90625		244087.703125	212893.53125		204926.234375		231712.28125		230168.28125	145553.578125	142560.765625		211530.546875		283931.5	232530.546875
TG 47:2	786555	443983.03125	573911.1875		736942.6875	95002.5	573980.0625		226372.1875	528228.625	462133.71875	1040223.375	691251.5	333781.78125	694189.3125		279433.71875	574728.0625	1349347.5		477508.53125		439206.625	125188.7734375	532236.625			389203.625	241629.359375	822323.4375	391947.1875	819552.6875	842531.875	504948
TG 47:3	680675		256429.53125		212280.125		326780.90625	52933.0859375		677471.5625	247231.015625	278862.875	742861.25	97749	905760.1875	763005.0625		458213.9375	344019.59375		204845.0625	783122.875	232471.1875			821023.8125	376943.8125	472223.25	62299.69921875		191911.890625		907309.5625	128803.078125
TG 48:1	737666.3125				52439.9296875		1132747.625		358331.84375	786308.5625	501571.5		860800.0625		1202610.75	1381762.125		1921336.375				665078.4375			1575031	837409.1875	505536.21875	1529642.5		7242047.5	756816.9375	8341062	1358106.375	
TG 48:3	115247.53125		20634594	1146964.125			180747.8125	4174421.75		135207.140625	22603124	70838.0546875	142717.375	7276974	26234337.1015625	184593.6875	2192729			10221310		292122.53125		3608775.25	14034922	178044.328125	25854140	101992.8125		57921.43359375		93396.703125	194436.03125	10745993
TG 48:5	1000458.875		101569.078125					183636.71875		265827.40625			181923.578125	250834.5		111396.1796875				111573.21875		110313.0234375		106644.4765625	241185.515625	123257.140625		1111874.5					635820.25	
TG 48:6	523124	529885.4375						88876.8046875		144084.609375				109363.171875			127532.9765625			100304.2109375								501387.875				817967.3125	276518.5	121176.421875
TG 48:7	380544.71875	475048.40625						77089.0703125		98892.1328125													466383.15625					420123.40625				430339.4375	163822.75	
TG 49:3	659542.375	148253.140625	399918.28125				614965.9375			457072	289048.03125		736693		652561.8125	820255.125	124715.6953125	431360.6875	461255.6875	200334.859375	213606.671875	647935.5625	241798.203125		462623.78125	738577.8125	387744.28125	279246		285917.78125	450972.46875			
TG 49:4	140693.15625									142528.109375					128567.0390625	141544.234375		150538.625			86198.703125	155186.21875			132498.0625			105613.8828125		110446.8046875	95627.6953125		215377.046875	
TG 50:6	1522935.375	1772716.25	225452.953125	86122.828125			573804.0625		202193.984375	2006888.75	130536.3046875		890674.125		2155400.5	774562.6875	352866.3125			176714.109375		1329203.75		185044.671875	676266.1875	740842.125					402433		1032208.5625	194701.375
TG 51:6	235585.5625	117071.4453125	70759.296875		248193.15625					254434.90625		249241.1875	170629.25	87595.46875	261317.09375	125710.3828125			286086.9375	60576.42578125	197670.578125	178208.984375	166401.25		261506.8125	141774.5625		266671.09375		265947.625	126636.90625	187886.265625	230275.640625	
TG 51:7	102012.6328125				126344.4375					96086.9609375		114861.8515625			94979.8125			223739.25			104590.9453125		103585.390625		106759.7734375			170078.859375		91292.3671875				
TG 52:11	252604.046875	281005.4375			787399			65290.0625		99318.890625		1081206.125						761153.3125			331026.03125		260353.578125					302869.40625		618697.75		215920.0625	179967.359375	
TG 55:6	59494.2734375						125491.7578125			73286.3203125				71172.890625							75545.8046875		69479.75		83783.4921875						95070.3515625			
TG 56:12	240913.65625	195362.609375																					249707.609375									195057.4375		
TG 56:13	249227.140625	379996.375			782966.5					104501.8359375							76038.890625	1503507.125			479216.09375		331919.6875					381755.46875				253502.1875		
TG 58:3	714759.1875		296134.25				210954.28125			458586.34375	316724.71875	80375.4609375	745988.9375	226424.140625	919505.75			401350.8125		323976.53125	121302.2734375		197299.328125		144424.78125	867905.25	505913	344496.90625	345841.5		195158.34375		1046182.75	376105.625
TG 58:4	105195.09375		96197.5703125				107955.390625			156330.75	59616.3203125	62367.20703125	131220.859375	47076.9296875	147960.15625	135327.375		144069.9375	229623.984375	84494.40625	109629.9140625	133284.078125	80300.7734375		147187	167932.0625	73330.1171875		61777.26953125		63298.609375		167766.390625	59696.3515625
TG 58:5	164557.90625		84085.28125							188753.65625			182699.390625	45724.52734375	179739.578125	144868.78125		149537.9375	99062.78125		66057.2265625		106312.9140625		108676.1328125	224288.953125	81334.703125						199191.09375	51552.125
TG 58:7	106094.71875				71557.140625				115941.296875		248017.859375		91464.96875		83285.8984375			202474.140625	96473.03125		71944.765625						69145.46875	300647.125			130932.59375		131188.53125	80095.4296875
TG 58:8	295604.25		142184.34375		68533.8203125				69845.953125	175627.6875			227010.5		182457.96875	166064.71875		196587.25					75864.15625		110922.09375	163657.59375	239451.40625	131248.21875	72531.21875	55352.44140625	164863.90625			82693.0546875
TG 58:9	328796.75		153199.046875						98125.84375	234486.890625		109356.796875	282872		306930.53125			215798.4375	686569.1875	379526.34375	109643.8203125		147339.15625		180882.359375	276228.84375	374478.59375	136064.03125	317377.65625					284116.5
TG 60:14	196735.125									505665.03125			416291.21875		142314.84375							95226.9296875			99132.625	128777.2421875					82833.125		135763.21875	
TG 60:15	342659.3125	327047.46875			683505.75					471620.46875		515367.5						937190.0625			399855.9375		289645.3125		130074.5859375	101842.4375		592535.25		609426.5625		207127.140625	234667.40625	
TG 60:3	945308.375		364660.125				269254.40625		75987.4765625	525826	653943.875	58824.0234375	763765.0625	384066.96875		474351.90625		344759.28125	1229145.25	621545.375	93707.125	350036.3125	241802.296875		190180.859375	542251.9375	968755	345505.6875	545016.375		217746.46875		1192938.625	556639.4375
TG 60:4	107110.3984375						64743.65234375			99143.234375			175953.6875			126554.71875		90043.046875	99548.578125		55052.609375	100530.1796875				102924.8359375							128997.8671875	
TG 60:6	75085.1484375						63171.0078125			120515.8984375			106703.75			69601.515625		109550.9140625	75336.984375			106709.6015625			62898.23046875	72380.390625		99144.0859375	43515.046875		71504.015625		111630.1796875	70623.4453125
TG 62:3	177847.875									66499.078125			133157.796875	79517.2265625	99180.7578125	71563.9453125		62733.1875	325660.21875	188634.0625		71489.96875				88958.9921875	210887.28125	76941.6875	133652.5		62209.4765625		230601.1875	77317.5546875
Cer 28:0;2O		105517.8203125		81788.0234375	44158.85546875	93836.734375	375226.15625	112310.078125	366247.5546875	146899.84375	62433.984375		151471.640625	318434.94140625	191917.5625	320229.421875	174768.8671875	95585.171875		279975.44140625		182019.421875	179870.59375	73534.046875	245722.6875	217761.6015625	87219.8125	160461		68889.65625	525399.546875		119640.5859375	56201.90234375
Cer 28:1;2O		86009.90625																												59497.43359375				
Cer 32:0;2O		326010.453125		186086.734375	132330.0625	293274.125	317950.90625	139956.640625	194224.15625	172835.671875	102873.1796875	199368.703125	301169.96875	169864.8125	273166.34375	340260.78125	168598.328125		113067.640625	155020.171875		183994.421875	158110.328125	104159.171875	246412.859375	186037.015625	120746.5546875	171714.9375	124201.3359375	145851.125	242016.703125	175322.03125		154084.96875
Cer 33:0;2O		605414.390625	427891.890625	753605.171875	253735.75	576259.875	680658.5625	420503.75	659686.5625	178040.40625	301598.4921875	474376.640625	471646.9375	645429.5	490184.1875	565879.015625	586723.6875	139051.328125	457452.65625	743779.9375		339563.7890625	407372.46875	519614.453125	489760.265625	455144.59375	447174.140625	234771.890625	566093.25	308824.8125	572075.9375	630166.6875	264663.625	778130.5625
Cer 34:1;2O		244149.953125	180428.171875	310730.46875	128756.671875	311875.25		250970.953125	273264.75	154610.046875	124016.421875	266174.9375	134787.53125		179538.90625	209778.921875	249332.171875		234981.53125	273029.8125			212038.5625	378682.96875	210627.65625		180854.703125		233212.546875		274237.375	421807.21875		267221.59375
Cer 36:2;2O		144262.75		238564.765625	106549.671875	237302.46875	174637.6875	197424.953125	142396.359375			167026.546875		123399.4921875	124040.8359375	121785.90625	160503.03125		190289.65625	136810.875			88141.2890625				149920.5625		162372.4375	96711.25		285530.1875		155882.203125
Cer 37:0;3O		698315.9375	277032.1875	821565.3125	387505.0078125	708993.3125	387303.734375		282643.6171875		71338.2265625	389874.296875		488138.203125		440784.9375	631455.890625		359856.6875	449162.34375			146262.796875		123741.5625				304514.71875	344101.59375	335450.453125	149694.859375	494198.96875	323497.5625
Cer 37:1;3O		307852.1875		329071.40625		326378.6875	429564.25			180929.09375						109892.9375			463053.59375				111789.8828125		230336.890625	209224.8125	301523.78125		74978.578125			409274.59375		134491.125
Cer 38:1;2O		234307.515625		251137.046875	206081.046875	234154.109375	120121.8046875	123726.0546875		219148.0625		179016.140625	176004.5625	138049.046875			113217.9765625				112517.8515625		161997		154152.015625			141734.625		173698.40625		166155.8125	164084.5	67919.28125
Cer 39:1;2O		181659.34375		173584.1875	97531.765625	202073.703125				96841.015625																								
Cer 39:1;3O		111406.3984375	127386.6640625	56443.72265625	262122.625	462123.90625	126450.6875	266944.09375		236483.984375		281052.25					403512.15625	180577.84375			132402.671875			110407.859375				260681.484375	121058.2890625	215325.640625		193366.640625	223222.484375	
Cer 39:3;4O		135610.984375		85186.984375				220390.25	190893.34375			230769.296875		442293.625			139724.234375					1100693.25			959622.3125						680408.5625			
Cer 40:1;3O		384672.91015625		407102.625	278743.890625	421285.359375		220860.578125		523829.15625			449648.1875	120711.65625	701399.5	505566.40625	509604.078125		626324.9375					133522.390625		346268.4375		612492		333106.7109375				211128.15625
DGTS 30:3		60148.2578125																			119748.6796875							133719.0625				63408.8125		
DGTS 36:4		90638.15625	63813.80859375							282758.53125	72916.8515625		134985.875		362340.4375				209141.59375		704707.0625	258818.234375					261300			204174.234375				
DGTS 36:5		73024.5703125			161903.390625			138669.921875		96680.6484375				160415.390625					118140.8046875		2037135.875		150415				130162.453125	2067851.9765625		196551.03125	64735.60546875			
LDGCC 30:4		60148.2578125								106404.9140625											119748.6796875							133719.0625				63408.8125		
LDGCC 36:6		73024.5703125			161903.390625			138669.921875				101980.59375		160415.390625			67519.0078125		118140.8046875		2037135.875		150415		211588.15625			2067851.9765625		196551.03125	64735.60546875			
LDGTS 18:1		94773.421875	113961.7421875	68933.6875				77509.1640625		531819.0625	171622.046875							625159.5625	184818.3125	164592.96875		429270.90625				558878.875	181633.71875	461801.25				166188.65625		
LPC 16:0		46974.0546875			49666.0546875					80982.46875		89208.421875													89548.015625			62077.28125						70467.5859375
LPE 16:1		52992.3828125			74060.890625					80465.71875		79238.9140625								77689.0859375	175334.359375										86554.34375			75789.140625
MGDG 30:0		167080.4375	404376.03125		127775.90625	225411.265625	578397.5625	256248.046875					1072017.25	280490.875		862676.875			419918.25				283432.9375	299307.90625			499354.25		247149.03125					375743.8125
PC 34:0		409087.78125	278860.71875	785312.8125	178773.90625	266224.5625	1161064.875		4532672.5	5711759.5		611959.25	94687.96875	1952604.375	5720143.5	982705.8125	813130.890625	3658374.25	2244099.75	652120.875	1554814.75		206539.71875	335743.71875	2401654				205281.3125	301290.6875	4007545		4095110	190776.40625
PC 36:6		50593.2734375			255123.46875					215595.75		266177.0625			81190.1171875						422986.359375	190262.7265625			117476.8515625	217642.8671875		85959.609375		294476.28125	84892.015625	109603.9453125	66996.3046875	
PE 36:2		185206.234375	591729.1875	141814.390625	198163.3125		414079.03125	174171.5	673716.1875	286757.53125	534042.4375		652640.625	552349.25		365038.5	179388.75	2807800		484796.5		1657023.71875	127060.1171875		1129606.625	1794764.375	336857.21875	2821059.25	82962.3515625			347323.90625	1480089.875	316538
SQDG 30:1		518088.921875								80375.4921875													155879.40625					373955.03125		558268.875		172608.421875		
SQDG 34:3		83597.5234375								59147.4296875		99770.0703125						192002.390625							42512.546875			69353.2890625		101838.5546875			184002.34375	
TG 36:0		99036.703125								137361.546875		79787.296875	86763.390625			111536.90625			88955.6953125				87441.75			102989.328125	75959.1484375							115506.9375
TG 54:10		663491.5						85331.8828125		287390.40625		1697103.125					162375.875							66863.625	150513.9375			590927.3125		1248114.625			268966.1875	
TG 58:11		216823.09375					266370.71875				190967.796875	221926.671875				292442.34375	149024.203125				313780.15625	316576.875			269710.625	408071.21875		436427.3125	105807.953125		218964.265625	86162.1328125	449440.40625	264962.15625
TG 58:12		155421.09375			398762.34375					226760.421875		297307.125			284278.90625	113838.5		391688.15625			184436.921875	168718.734375	151068.3125		104167.3203125			244663.4375		260868.484375				
Cer 34:2;3O			84714.453125							276095.2734375			361096.2890625	84843.015625	419455.1875	457514.6328125						133888.453125	78077.9453125		253754.921875	296051.4453125	69123.671875	162114.34375	58730.87109375				252794.328125	276045.5703125
DG 25:3			59884.3359375					917261.6015625													100496.2421875			179435.46484375			83547.4609375		114315.1953125	105547.09375	103352.359375			
DG 40:2			112075.1328125							152370.75			185903.09375		131090.984375			103601.125				228978.625				157329.203125							101036.0546875	
DGDG 34:3			211552.296875		131094.203125		436475.1875			400608.46875	111254.9453125	101986.90625	369147.0625	117660.3203125	665192.875	415167.5625		488086.5625		87644.4140625		366099.4375	350373.40625		868556.4375	399592.25	246816.046875	607412.0625		80096.46875	392876.09375		411410.21875	111909.1328125
DGDG 36:3			128839.9765625				599815.9375			221568.390625	79598.8203125		244904.578125	86099.09375	442538.28125	205343.65625		301880.03125	233866.03125			195055.515625	194351.8125		141729.671875	213127.015625	211005.234375	571329.0625			363480.9375		344180.6875	
DGTS 31:0			79641.2421875						123102.015625	280930.59375			100650.7890625	100455.21875				321421.625			492943.6875									108273.09375			271251.71875	
HexCer 34:1;4O			236901.890625							383394.0625	101365.3203125		382293.28125			356555.96875						412966.1875	217822.921875			315906.40625					247919.703125			
HexCer 39:2;2O			145566.921875		82246.5234375		275963.5625		154364.671875	897023.5625		118487.0234375	537829.0625			253502.96875									855732.1875	653896.0625		763415.625			414834.71875			
HexCer 41:1;4O			245001.53125													404928.25			787281.5								366839.6875						456046.25	
HexCer 43:1;4O			182013.40625				326235.5												584400.1875								229944.9375	304895.125					310045.40625	
LDGCC 36:5			63813.80859375		163353.421875					282758.53125	72916.8515625		134985.875		362340.4375						704707.0625	258818.234375			151165.890625		261300			204174.234375		187238.609375		
LPC 34:2			71753.625		81803.90625							152920.9375		73649.5859375														633075.6875		222431.71875		158495.5625		
MGDG 36:4			242812.78125				487235.8125						666243.3125		1613365.5	540987.4375			1250251.5	208271.109375		583596.0625	439090.625		846929.1875		406318.15625	497401.46875			277250.03125		469165.53125	203543.28125
PC 32:1			87445.140625	357918.109375		86905.8828125	401659.296875	275078.25	156276.421875	2960605.78125	141068.390625			571685.6640625	1323290.875	162726.6875	270899.25	1158198.5	155600.25	574940.328125	1418976.40625				763807.75	886654.125		2921371			169478.46875	227995.046875	448375.140625	114950.5234375
PC 34:3			139248.75				176425.015625			721591.8984375	154291.234375	285681.90625	109640.8671875	147674.265625	87852.015625	99424.0234375		59289.8515625	315685.59375	181213.28125	687339.375	167706.34375			942784.75	158528.234375	71831.390625	2596434.87109375						74199.8515625
PC 37:3			299050.59375				187896.109375		532334.75	215178.34375	183380.96875	124633.40625	230213.1875	131998.625	1206171.875	219358.875		269001.15625		205149.4375	90181.8828125	1015667.4375			1288335.5	951301.9375	82921.8671875	237617.90625		155087.796875		217106.34375		92613.5859375
PC O-34:2			71753.625		81803.90625							152920.9375		73649.5859375														633075.6875		222431.71875				
PE 31:0			141322.453125	223742.953125			127288.6484375	123719.390625		306034.53125										214740.0625													236418.125	
PE 35:1			87445.140625	101298.484375						409557.28125	141068.390625			121601.4765625						108327.796875	152012.90625												288702.59375	
PE 38:5			269113.09375		327516.84375		128256.28125				371265.53125	126907.53125	320298.125	158178.625	533089.5625	126802.9453125		180910.625	346555.0625	141313.796875	123888.296875						220109.546875	585715				227343.765625	489447.28125	
TG 46:1			155732.71875	143870.21875		170776.78125				101367.1015625			175433.453125		133918.25	226145.359375				187910.15625		102128.109375				151591.640625	209695.796875		90521.0390625		150796.03125		190056.78125	112190.578125
TG 49:2			460552.375	94612.625		98494.671875	660402.5	120125.5625	207734.921875	398151.3125	417609.40625			361800.5625	721205.5625			473697.5625	963724.6875	335560			316487.46875	125751.640625	508107.4375	527160.5625	608925.3125	461110.03125	312022.34375		426397.15625	356385.15625		590643.9375
TG 51:5			97144.3671875		101326.6640625		264862.59375			134320.140625		120928.1953125	125780.6328125			115391.1171875			396207.03125	119423.7734375			165403.5		286021.25	116318.796875	115225.0625			89202.109375	150816.046875	64026.8984375		
TG 54:5			2897829.75							4944473.5			5190402		4171658.5	3243799.25		3947823.5						365359.40625		3273699.5		4891497						
TG 54:9			1842778.625				1100214.5	92287.828125		2250203.5	189399.765625			404839.8125			220114.375		978139.125				554275.75		1542258.125		383023.84375	1838060.375			547058.625			
Cer 12:1;2O				353207.46875						67773.7890625		548300.9375				72907.8515625	376812.25	144600.265625	151897.484375							76686.421875	188108.078125			607148.4375		394995.21875		
Cer 26:3;2O				166947.390625	82848								101582.625	217431.390625			73596.703125			80233.234375	131363.984375		59135.65625					149272.5625		49139.546875	100140.3515625			
Cer 34:0;4O				215374.875						525834.9375		264132.8125			622686.1875		211259.40625				127922.1015625		379129.375					298132.03125						
Cer 38:0;2O				1023438.875		315285.15625	594375.375	110586.8828125	207407.375	206718.421875		221353.1015625	523276.84375	152558.65625			267561.0625	298812.25		154279.375			119167.0234375	783022.1953125					142899.4375	105963.3203125	197689.796875		603674.9375	457095.71875
Cer 39:2;4O				161648.5625	148551.328125		1776751.125	251338.65625		5578826			6915205				177571.59375		10432655				1929366.75							165380.34375			6063134.5	
Cer 51:2;3O				80278.1171875						81583.3203125								83171.1171875							182527.515625									
DG 37:2				166455.4375		170014.375	132025.703125		106322.4140625	184370.609375		302443.0625		251899.125			161038.828125			126802.6015625	120316.6796875	139942.296875		149845.8125	139511.71875					128436.6328125	287287.8203125	148602.34375		134316.375
LPE 30:0				73482.21875								106008.609375			195740.671875			200306.03125			76851.109375	163769.1875						177725.09375			178695.34375	114969.953125		
MG 18:0				119030.921875						53919.40625				125022.4140625	103506.6953125		125598.7578125		186632.546875	122721.9921875														
PC 30:0				121501.84375	82909.4140625					286793.8125	110148.1484375							286309.4375		79565.5								301264.34375			187928.828125	169298.953125	423017.78125	
PC O-19:1				68193.21875																												164039.703125		
PE 34:0				166203.21875	392142.375	503504.96875	203344.15625			935151.3125					202309.421875				76024.515625				145040.90625	105209.7734375		937198.625	163611.640625		90539.3828125	155790.671875				121122.390625
TG 53:3				59497.22265625		56996.08203125		52706.671875									78985.34375		140874.875		174632.421875													
DG 40:10					593219.125																261079.171875							391296.125						
DGCC 37:1					105804.296875		249933.609375		166433.3125	1185056.375		141782.25		160757.796875		283378.53125				129332.5625								1225505.5						
HexCer 41:2;2O					105804.296875				166433.3125	1185056.375		141782.25				283378.53125				129332.5625														
LDGCC 24:2					45987.109375					102940.171875				54442.31640625							80227.0078125									53669.80078125				
LDGTS 22:4					59947.90234375					377776.8125								339336.46875			498386.5625							157579.53125						
LPC 34:1					400978.25				192262.9453125	228637.734375		70173.109375			314085.59375			172741.546875				217173.6875				326434.0078125								
LPC 36:4					250339.296875				91884.7734375	1217460.75		303757.40625																		261159.375				
LPC 38:5					193197.09375					860816.8125		116756.6796875						339585			175569.03125	97018.7578125			113476.0078125			1137953.875		286932.4375	117911.390625	122306.4921875		
LPC 38:6					198260.421875					1373356.75								488967.9375			156366.265625									277292.96875				
LPE 20:5					142775.6875																							81811.046875		97673.90625				
LPE 40:5					100140.1328125																													
PC 38:7					89682.9296875					189193.984375								128189.265625										252411.5625				71844.5625		
PC O-36:4					250339.296875				91884.7734375	1217460.75		303757.40625						654001.25							202465.953125					261159.375	137515.53125			
PC O-37:5					100140.1328125					706702.53125								222495.984375			65025.8984375									139245.171875		78472		
PC O-38:5					193197.09375					860816.8125		116756.6796875						339585			175569.03125	97018.7578125			113476.0078125			1137953.875		286932.4375	117911.390625	122306.4921875		
PC O-38:6					198260.421875					1373356.75								488967.9375			156366.265625									277292.96875				
TG 53:7					148289.328125		244326.078125			168290.578125		164218.71875	187873.546875		334920.71875	116898.390625		163358.03125				110651.8046875	129155.5546875		263245.84375	165781.75	127099.421875					74842.0390625	186418.484375	
Cer 35:0;4O						157491.5										151448.234375	189913.71875							71228.5390625			95161.7421875		78050.46875					
Cer 36:1;4O						111270.6328125	78921.765625		441255.6875	232190.390625		101334.0390625		113682	113736.7890625	456319.3125	64124.15234375			237296.265625			183423.390625		280037.46875			167360.125				313949		456900.15625
Cer 37:1;4O						117044.125		457797.4375																80997.09375	77812.9453125				2366402			207777.578125		
Cer 51:0;3O						171402.734375		67889.3515625	95950.859375																				71739.6953125					
MG 22:1						220128.15625																												
TG 53:2						78411.5859375																		40847.38671875										
Cer 27:0;2O							120167.640625		105435.1796875																93404.2734375									
Cer 29:1;2O							143789.390625		122590.21875	125951.109375			99978.109375	85592.453125											177223.109375				110742.25		146513.828125			79432.484375
Cer 33:0;4O							183775.0625			147107.65625						207344.53125															111967.0390625			
Cer 46:5;2O							160962.40625			76586.7265625								128492.1875			64998.38671875	58683.2890625			161126.359375									
Cer 50:1;3O							54989.33203125			70409.7421875								48080										63119.67578125						
DGDG 36:2							599915.9375			290348.03125					1049294.875				985452.875			368345.625			1347262.75	362457.21875	290809.6875							
DGDG 36:4							395618.25				170112.078125		554521.75	150152.9375	1728512.25	636071.5625			1307384.125	270159.5625		617549.3125	305430.46875		1021398.25	585179.6875	373155.3125	657514.9375					564453.3125	306673.09375
DGTS 37:2							232303.28125		379121.8125	391947.34375			251445.0625	141165.546875	880935.625	199185.71875		1226492.125		124423.2578125	462576.25	718727.625			470133.125	421129.71875	85119.78125							
HexCer 36:2;2O							122936.046875						332026.09375									259814.46875		79799.1328125							204934.515625			
LDGCC 30:8							121839.2421875																								163068.90625			113457.578125
LDGTS 16:0							69764.5390625			114583.171875				60948.8125		88582.9609375				98105.9296875	293520.5									122146.9765625				
MG 22:0							186095.953125			352303.546875			232802.578125	65835.28125	123281.34375			110729.0859375	122212.078125			248384.3359375	92948.6328125		373662.09375	193783.390625	61369.20703125	301984.7734375			82212.71875		127039.21875	232025.3515625
MGDG 32:0							191286.09375						360945.5			265990.9375								120930.6171875			170859		91971.0390625					119403.1953125
TG 40:0							155636.609375																		102280.6484375			123220.609375						109974.7265625
TG 46:2							166715.203125			145196.203125				1041533.1875									2080172.75											
TG 51:4							161057.5625			124963.515625			120697.046875	105025.703125		106764.046875		90796.5078125	260652.171875		134950.3125						118146.0234375	119648.828125			92026.3828125			
TG 53:5							238246.109375			127363.046875			95376.0703125	86680.453125					252180.328125		103516.328125		134536.328125								132627.015625		152778.0625	
TG 53:6							255867.4375			162183.0625		189223.34375	153235.140625	96981.734375	163763.578125			127492.6171875	240469.5625		114386.4609375		156887.765625		251119.5625		119637.609375				134015.640625			66772.078125
TG 60:5							95918.6484375			170249.421875	74412.515625		147258.203125			152016.765625				75491.8671875		144938.90625			66107.8984375	119825.5859375	89454.6640625	122211.0234375	85323.828125				144132.625	71532.0234375
Cer 42:0;4O								3643852.5		2502857				2603979	3855590								2170197.25								2076268			
DG 36:8								65059.17578125		84226.4609375															51205.640625								97283.8203125	
DG 42:10								59282.7578125																										
DGDG 29:0								88335.59375																										
TG 24:0								38825.59765625			85315.7890625			46586.26171875																				
TG 52:8								106497.8359375		474322.25				171085.765625			268842.53125								195164.640625									
Cer 47:5;2O									90530.765625			78903.3984375																						
DG 31:0									57286.65625	78850.1875			53317.15234375					64082.5078125						72307.4609375				71952.9609375						
DGDG 30:1									259451.234375	94629.390625	92512.5																							
LPC 15:1									52980.33203125																									
LPC 17:1									61358.359375																									
LPC 18:0									185456.703125	193085.8203125		95883.1640625			123820.5234375					72619.5		58314.11328125				71881.0234375		81093.5703125				135217.671875		64182.21484375
LPE 18:1									52980.33203125									65166.18359375			126899.9453125													
LPE 37:0									374910.59375																									
PC O-35:1									185180.0625	517560.28125					240911.890625			485182				269004.96875			138188	288473.4375				130032.984375	165892.125		152883.484375	
PE 36:1									154146.0625																									
PE O-18:1									52980.33203125																									
PE O-37:1									192262.9453125																									
PE O-39:4									91884.7734375																									
Cer 19:1;2O										137482.78125																								
Cer 24:4;2O										274359.84375			193774.671875					257001.0625		91912.21875	1612027.375				156417.171875			403482.8125			162616.328125			
Cer 26:1;2O										73161.1171875																								
Cer 42:4;2O										113559.3671875			123848.640625																					
DG 26:2										68324.078125								117181.6015625																
DG 29:1										140048.046875								147838.6875					111345.8203125					71342.9296875		65047.5859375				
DG 53:8										65325.48828125					87788.625	114299.9921875			59099.4609375						75531.1640625	88500.8828125								
DGCC 26:3										132688.265625																		77865.2734375						
DGCC 31:0										156706.453125																								
DGCC 31:3										64427.00390625																								
DGCC 32:2										134967.6875																								
DGCC 38:1										154445.078125								158587.875																
DGDG 10:0										109082.5											75773.7265625							130175.859375						
HexCer 35:4;2O										88280.671875																								
HexCer 42:2;2O										154445.078125								158587.875																
HexCer 43:2;2O										291735.8125					172771.03125			331671.375				159531.0625				179864.09375							152648.140625	
LDGCC 19:0										138892.734375								289372.09375			153488.984375	65395.66796875				98072.25		116188.7890625						
LDGCC 26:4										85692.2890625																								
LDGCC 42:5										61259.87890625																								
LDGTS 16:1										195805.421875								354216.1875			166668.21875				120665.359375	77833.1171875				384620.75	51616.7421875		152970.53125	
LDGTS 17:0										57798.6875											85943.515625				62841.82421875	82385.875		79481.921875						
LDGTS 22:2										84560.0234375	104229.328125							70718.9140625			113145.7890625			55640.76953125	79662.34375					101873.9140625				
LPC 18:3										57583.359375																								
LPC 34:3										192055.359375		149829.171875																61331.13671875		94100.3359375		120792.546875		
LPC 34:4										124697.203125																		129627.8828125						
LPC 36:3										144683.265625								189201.53125										142275.40625						
LPC 38:1										159195.578125																		409454.25						
LPC 38:2										117269.546875																		133569.6875						
LPC O-18:1										124786.5546875								91566.1015625				61324.1640625				72540.9765625								
LPE 20:1										74827.3046875																								
MG 26:4										317962.0625			60295.12890625			69452.640625		59888.8671875								86574.9296875		46327.45703125					78718.9375	
PC 28:0										252739.203125																								
PC 29:1										802673.3125		158772.703125															92792.046875	439273.5			322393.8125			
PC 34:1;3O										57145.87890625																								
PC 35:3										173177.171875																		151685.765625						
PC 35:4										107047.234375																		93094.6796875						
PC 35:5										85618.2109375																								
PC 36:4;O										85910.6171875								108224.46484375				42556.99609375						115684.5859375						
PC 36:5;O										128436.65625					82491.25																			
PC 39:5										187415.15625																								
PC O-34:3										192055.359375		149829.171875																61331.13671875		94100.3359375		120792.546875		
PC O-34:4										124697.203125																		129627.8828125						
PC O-35:3										223835.203125																								
PC O-35:4										1105748.625																								
PC O-35:5										1068411.625								78166.84375										224436.78125						
PC O-36:3										144683.265625								189201.53125										142275.40625						
PC O-37:1										245230.0625																		85405.109375						
PC O-37:4										147725.265625																								
PC O-38:2										117269.546875																		133569.6875						
PE 36:4;3O										116426.515625								110840.8359375										68663.6328125						
PE O-37:3										192055.359375																								
TG 37:0										149893.671875																111192.375								
TG 45:3										94986.546875					157988.15625	148320.625			105164.6953125			137560.515625				116803.765625		157172.578125						
TG 50:7										217223.546875		1038149.875	195956.015625	100854.8515625	385598.625	197214.25	108025.0078125						586171.25								93252.5234375	511855		130030.890625
TG 51:3										331550.65625															337167.8125									
TG 53:4										175203.734375		56251.546875	161827.65625	100937.6875	157267.390625	114186.03125		168423.609375	218366.203125	137322	168650.640625		204827.359375		265313.90625	133339.734375	114920.8203125	207497.453125	78821.5234375				212395.4375	
TG 54:12										193598.96875																								
TG 58:6										112342.8671875		48319.60546875	67596.78125	51004.66796875				125304.3671875		62309.25	80251.0625		108747.34375		98855.171875	76665.2421875		247675.859375			83405.453125		131854.703125	68581.25
TG 59:3										93837.0859375				109813.015625														61339.5078125						
PE 38:1											151567.546875	187070.8125																						
DG 26:3												84363.296875																						
LPC 13:0												67129																						
LPE 16:0												67129						171577.9375			101028.03125													59394.83984375
LPE 17:0												96609.25					66577.375			54792.53125	219029.796875	58627.375				77271.1328125		37556.046875						83134.453125
PC O-18:0												95883.1640625								72619.5														
PE O-17:0												96609.25								54792.53125		58627.375				77271.1328125		37556.046875						
PE O-35:1												88694.3984375								54864.4453125														
DG 40:9													245295.6875			201309.75																		
DGDG 30:0													160225.59375								598243.3125													
DGTS 33:4													110735.390625																					
MG 15:0													167426.734375	132806.890625		156632.203125			106103.2578125							85792.96875								
MGDG 36:0													259167.3125			253725.984375																		
TG 32:1													56026.015625																					
DGTS 47:2														286934.1875																				
TG 60:12														108758.078125	464749.71875						132439.1875	235315.296875			106098.8203125				66940.34375					106537.2265625
DGTS 35:4															99994.71875				114075.921875			120901.828125				99198.875		97619.2109375						
DGTS 41:2															238761.8125			151821.9375										127516.6328125						
HexCer 44:1;4O															522738.03125	299674.875			874095.375			225863	168273.8125				352955.03125	347703.59375						
MG 17:2															98312.875						177076.859375													
PC O-36:2															84288.125																			
MG 20:3																72478.4140625																		
TG 42:0																	105333.140625				86508.640625													
TG 43:0																	100530.140625																	
LPC 38:4																		51113.45703125																
LPE 38:1																		485182							138188					130032.984375	165892.125		152883.484375	
PC 42:10																		66794.890625																
PC O-38:4																		51113.45703125																
PE 40:2																		121980.3125																
PE O-16:0																		171577.9375			101028.03125													
PE O-38:1																		485182							138188						165892.125		152883.484375	
PE 35:0																			191836.234375	100280.25														
DG 18:0																				69746.25														
DGTS 40:2																					181530.640625										152798.40625			
LDGCC 40:3																					181530.640625										152798.40625			
LPC 14:0																					219029.796875													
PC O-20:5																					85307.0703125													
PC O-33:2																					59596.8984375	69362.6328125												
LPC 32:2																						90185.4375						214094.953125						
LPE 32:0																						127013.25												
PC O-32:2																						90185.4375						214094.953125						
PE O-32:0																						127013.25												
PE O-35:2																						90185.4375						214094.953125						
PE O-41:5																						97018.7578125												
HexCer 38:2;2O																							99805.09375											
TG 48:12																							109923.9296875											
DG 24:4																									101146.375									
MGDG 30:1																									101631.640625					111392.625				
TG 38:0																									92090.6171875									128482.5859375
TG 35:0																										155925.5625								
DG 42:4																											65728.4140625							
Cer 21:1;2O																												46811.02734375						
LPE 38:5																												435841.15625						
PC O-38:1																												409454.25						
PE O-37:4																												129627.8828125						
PE O-38:5																												435841.15625						
TG 41:1																												169037.078125						
TG 54:3																													63654.828125					
Cer 56:10;2O																														95700.0078125				
HexCer 42:3;2O																														141800.984375				
LPE 36:1																														143931.390625				
HexCer 30:4;2O																																	129859.828125	
Cer 37:3;4O																																		117708.6640625
