Feature	N13	N32	N20	N6	N30	N28	S29	N10	S2	S18	N16	N8	S33	S14	S23	S3	N9	S7	N11	S12	S22	S17	S5	N34	S31	S19	N25	S24	S26	N27	S15	N1	N21	S4
Cer 16:0;2O	-1.57900787572171	-1.16389534485241	-1.91565450213208	-0.834215322107226	-1.3389586184336	-0.947987382363569	-2.11234414154631	-2.20928007386838	-1.58333933925444	-1.18601950798581	-2.84395326727722	-2.21448920627312	-1.20357625329199	-2.19409210120789	-1.31857069546329	-1.91081019136922	-2.24172210451615	-1.21206471443041	-3.33406359693512	-1.33697881056777	0.601304865475628	-1.54778877190677	-1.77180254904936	-1.73257207166764	-1.18632225769996	-1.51911907519166	-2.16798967520497	-1.70793117406995	-1.51755660536723	-1.14099280843793	-2.30452178062569	-1.41205500912438	-1.61560466506733	-1.8141180653028
Cer 34:0;2O	0.0234753483331018	1.99582183519012	0.0929914879227115	0.311472393532746	1.19698928882123	0.145451982251192	0.76958042623141	1.94731907728596	-0.699881891951014	-0.325662725885973	-0.469271765743248	0.207566421303556	0.807868339293518	1.43897634838	0.17186624910413	0.532377490153495	3.36715803937568	-0.28866938685622	1.20064724608199	1.95029880631988	0.487298351487146	-0.484649008231143	2.08629303511781	1.99585569184486	0.764657540428153	0.615469941436844	-0.286519906899478	0.263931279457761	1.24815639154427	0.195890397306475	1.53317909609193	1.33640986206521	-0.315841888173553	1.04256481950141
Cer 34:0;3O	0.0747543187179611	0.172872230220535	-0.610676336756512	0.00769373327325388	-0.535663422243597	0.163751459773157	0.205957207146423	0.055626514166238	0.177410014405732	0.938404057056357	-1.9125903324769	-0.0903987487212559	1.32556665225365	0.149141953283585	0.461581291717631	1.32368952864708	0.298046570266826	-0.3254645339317	-0.132733018245685	0.558122432085784	0.299692339360273	0.365342306177671	1.33620945773825	-1.12540444075372	0.485438552712446	0.145260338052093	-1.41067779619138	-0.945550840930695	0.56964585655346	-0.526767593391352	-0.127946876750041	-0.352231418698349	-1.39830649546166	0.571902601228844
Cer 34:1;3O	-0.0786032246996839	-0.826684371145362	0.0599052580965531	-0.497563752020255	-0.349675413123947	-0.415995392192487	-0.851251898334148	-0.413774853530137	-0.771092783931679	0.94188828143499	-1.69297769828306	-0.511816487966538	0.843007087095668	-0.120009041053738	0.504206933552322	0.740031585649081	-1.05803968546596	-0.0598181997854299	-2.11445821878443	0.197198006631009	-0.393813263895504	-0.142708381949859	-0.0752795266329573	-0.258316883141851	-0.341238050054104	-0.0468690739386053	-1.45312525446278	0.312115084705364	0.0272812622008482	-0.357682231937277	0.674299403141183	-1.33666321049812	-0.668910110650963	0.619230321991867
Cer 35:0;2O	-0.612815387406068	0.807868339293518	-0.96519560235566	0.718282724209855	0.0911269695024713	1.32453581825523	-0.538363537283378	1.13718737171369	-0.0407543309377053	-0.476382008776535	-1.30875213452157	0.506331479440673	-0.434393502574259	-0.500237891035933	-0.597224402672993	0.519627950132348	0.733047626328542	-0.647756036280977	-0.404779282619736	-0.106460535674875	0.0419761068580488	-1.0977349367474	0.900343188468489	-0.16891120163095	-0.434875171544196	-0.213661453384337	-0.408951246462008	-0.893010835940518	0.146008467693866	0.0911269695024713	-0.249742052535656	-0.478145907877607	-1.05048116785468	1.29658482291903
Cer 35:0;3O	-0.159494679610431	0.754482589058297	-0.22903095090304	0.43246271834937	-1.12558353185017	0.649144075106981	-0.260212353099075	-0.422377298579131	0.0831490743053625	-0.177597302752133	-0.496544784861215	-0.610027520700132	0.760829264295902	-0.582561444780389	0.284464203370441	-0.126787468238953	1.08297622541568	-0.00868248702506108	-0.388406784465379	-0.288586020791354	0.176347073953562	-0.0246140328378727	0.914654541285064	-0.15381447761744	0.277995847148089	-1.33493672593244	-2.09519857371663	0.0420034312916465	-0.149190436892787	0.275246340006725	0.161860534787071	-0.42189308433582	-0.315913210510374	-0.115144485362442
Cer 35:3;2O	0.312095224418299	0.00956324961187234	0.298413023930319	0.0341814746883005	-0.711296121529428	0.189417393779235	-0.526740763954125	-0.177869090447553	0.231416102694728	1.32562234172118	-0.466000821003545	-0.256114739156839	1.09405682012255	-0.544850809681732	0.453091675741839	0.811558034761569	0.174241416881388	-0.121524120900931	-0.00998969035744338	-0.148529084897567	0.37036207049696	0.259253259198839	-0.0857909962473068	0.0732088231696983	0.0990665033992851	0.287957227133732	0.129588252126724	0.092570077188988	-0.00335078907647504	-0.160917077293236	-0.0333502669281487	-0.282563128302917	0.0943405552995267	0.817889307833292
Cer 36:0;2O	-0.629027990111876	0.604011283865166	0.370756001679112	1.23704307751031	0.64582899558438	1.76472908818871	1.43366697911971	1.08647610369172	1.48845097434375	0.0443499781226845	0.222858063713859	0.51939738217551	0.213656309294258	0.754492104087614	0.049776436907907	0.5407087486814	1.44425420943846	-0.765447004733508	-0.208406856172705	1.24836233615156	0.0435353334750267	0.0523819025688693	0.995630965045395	2.66326684479294	0.0831874356056597	0.0618513725190265	-1.87459734679671	-0.675567725158419	1.59648047479957	-0.136919360886149	1.41865357378006	0.98863781962104	-0.0565683372740424	1.39645159384657
Cer 36:3;2O	-1.29384858225393	-0.693338792081574	-1.28044835722792	-0.674648391146352	-1.36327589831051	-0.765539378426751	-2.38710147264721	-0.546516990624236	0.580602543012545	-1.09734259751046	-1.95988622603127	-1.10925137997512	-0.54060308574583	-1.55425026162545	-0.778681029996601	-1.23892214880321	-0.121940468314818	-0.758854046905149	-3.4943677247962	-0.796062099252728	-0.683169043075165	-0.933114488984803	-2.08830314811246	-0.0265760535468712	-1.06295176443849	-0.843879028038601	-2.09663998291271	-0.937205832275611	-1.02522650970766	-0.817414593812135	-1.37564752098931	-1.03914610564233	-1.23718687926406	0.0386408196593297
Cer 38:0;3O	-0.538939913535874	-0.814737134779392	-0.585815824304382	0.41269957491923	-1.09469077337138	0.77456065730638	-0.460086025143912	0.0911269695024713	-0.0398929896600152	-0.872238417401499	-1.05625406617991	-0.124733268839347	-0.270375448341653	-1.55640266190023	-0.353157452398893	-1.16799216478621	-1.82058914684489	-0.981260184297652	-1.32168603583138	-1.28723646933749	-1.33519072007431	-0.598873884667496	-0.669271194613896	0.453988897961648	-0.902636877084143	-0.534063040241281	-1.28556698370617	-0.321196597182728	0.0362454713110763	-0.171329083803711	0.310124574963304	-0.0805751612488085	-0.798507923310653	-1.23302506026699
Cer 38:3;2O	-0.763170822451216	-0.283002196710605	-0.729917682290775	-0.0439367771230681	-0.935820692612239	0.412853105353959	-0.702513514081404	-0.740470918434979	-0.544993432773479	-0.0474960476008492	-1.32149174197089	-0.805604580857715	0.109276249472488	-0.464048023867564	-0.23794429676142	-0.372693702412701	-0.545633483756433	-0.919128990843802	-1.08074873689222	-0.495698277991988	-0.308198217651538	-0.883307719123149	-0.624147451419213	-0.506650802329997	-0.747520270533636	-0.809210316622891	-1.72048361701872	-1.28209404550658	-0.361604529895524	-0.889912289451069	-1.12152911965138	-1.27700932089978	-0.552394134154991	-0.320390625917257
Cer 39:1;4O	-0.235099011412628	-0.221378453277558	0.398183145679735	-0.289224955259696	-0.271931392387858	-0.473892500879978	0.662219046740601	-0.324818786742446	0.0656006029718889	1.04682505718463	0.159257003594045	-1.57770374965914	0.191880235898176	-1.03341174148239	0.878831310883291	0.318857597448631	-1.24972566938281	0.301682554976364	0.726439417038178	-0.490754881409411	-0.380305925125874	-0.232492323589376	0.0338661133592144	-0.154600020884886	0.71206457586006	-0.3137308577648	0.111487047498284	-0.833385629044531	-0.465670629026052	-1.10754772418662	0.43016718427461	-0.438383788748649	-0.704785274727202	0.0811675435567206
Cer 41:1;4O	0.904309274695519	1.28384891314904	0.697521453013676	0.817348680768035	0.929627632782443	1.62256493846327	2.17355730103086	1.40172189291367	0.316662890334997	2.00413754905221	0.399764119219962	1.19491825666646	1.64463120477487	0.687423836606973	1.39388052799383	1.99984052056866	2.05188362631996	1.02407727605508	2.32199159389623	1.29440945114731	1.4550727220873	1.16567716195971	1.82520661326954	0.379074224074624	1.65970511638697	0.734630571828642	1.26266637621008	1.76150694570793	1.40924818154329	0.826440424006668	2.08366203807969	0.475691975344552	0.795919608766444	1.83797508818327
Cer 42:0;3O	1.19019847101328	1.03496656735854	0.560078881528516	0.746900513633123	0.570908278187606	1.43096302046303	0.615281159990737	0.885438125713639	0.581215597642336	1.12579278345189	0.594438981618057	0.726248153059191	1.23686245515423	0.0858827220013914	0.792590081297691	0.716511227376446	-1.23342097808442	0.27727698759817	0.962550926267381	0.523725099047889	-0.23894172805373	-0.00473920588812096	0.299766840288636	0.807868339293518	0.867546975390263	0.303486630269867	0.803850163306665	0.582931420461133	0.330783368139594	0.807868339293518	1.32770722637352	0.330235125323771	0.785649837089767	-0.0568033201942161
Cer 42:1;3O	0.587345774519294	0.134745583288515	0.336107287413078	-0.157527775596149	-0.909101156052975	0.881384414258418	-0.255155136724037	-0.124937875349454	0.000137548145253791	1.31444535138439	-0.336474290977219	-0.57208532755503	1.10261502185958	-0.735382006564545	0.513114196292871	1.03367238465987	-0.625207316438971	0.159524212290864	-0.530327548084348	-0.420771416107873	-1.13238333593685	0.384578625134629	-0.163579783478187	-0.367446271896247	0.280265951590634	0.45251891015784	-0.287014225933231	0.177434598156578	-0.561776497388815	-1.34423006435885	-0.0917656591169705	-0.464635160583606	0.331499710829493	-0.057569089480975
Cer 43:1;4O	0.296603924720821	0.607104682257819	0.0669791928849377	0.682275358955663	0.501236622109126	1.06761426398613	1.5969720249372	0.678913427725206	-0.0191538673267842	-0.947801759677736	-0.488649663486709	0.23531174767908	0.0168156893552523	0.358888582883395	1.06202853971582	1.27379783384818	0.896687382021765	0.563552955819144	0.821282578072867	1.04189126866184	1.08643649167809	0.673718101039314	1.18496631952748	0.168141415260007	1.06354787786857	-1.27205084039039	0.305543856573718	1.16288040051494	1.0851342034068	-1.41710225908671	1.28693548522985	0.190383569479508	0.184446927772878	1.53838751199193
Cer 44:0;3O	0.807286227361059	-0.266460333782422	-0.415779204191408	-0.584976226344533	-0.423505326471582	0.195480378541602	-0.120282450285544	-0.336653083356354	0.260499382594561	0.276319353426305	0.0458901932757364	-0.674193474179702	-0.704975965286989	-0.472642361635212	0.0477875822641644	0.404228018983599	-0.305037383397028	-0.35386290645264	-1.42791103626654	-0.276972690283461	-0.641697919551018	-0.638583190441253	-0.819364515816974	-0.755962479037759	-0.227738386248194	-0.887336616166614	0.266673791617483	0.0911269695024713	-0.175059797774795	-0.301004116971839	0.0131531485140936	-0.684962260548603	0.4829438918832	-0.504384315936422
Cer 44:0;4O	-0.400905336468834	0.329413059716794	-0.919428657805594	0.191750631677975	0.00716000194578529	0.862290567994834	-1.21518846467123	0.134007913697318	-0.87132020781946	-0.736406112712383	-1.68509230735367	-0.414793459192033	-0.23614208994597	-0.985574924561135	-0.320257732067267	-0.668418299565525	0.777518940028774	-0.374030365043983	-1.55043137318936	-0.959298362667568	-1.19411510036008	-0.566536401591757	-1.37373778821868	-0.541586572588363	-0.331890608526672	-0.871244743484101	-1.50471689575441	-0.434890183067653	-0.889347285857456	-0.542662543949098	-0.948370510867736	-0.384297975924582	-0.485109067908544	-0.630954323754164
Cer 44:1;4O	-0.196953686929997	0.472242910209483	-0.918753432820852	-0.256518411064156	0.107939064551376	0.781133378758635	-0.976754721708832	0.2172091144296	-0.342502093852445	-0.528989687418551	-1.23416909548063	-0.0284584718132423	-0.295048915683265	0.047195814973442	0.640611875992457	0.493370997020917	-0.102951555527363	-0.920194308080707	-0.737298586013649	0.50745576206135	0.558721552202147	0.155575290661029	0.470160349573046	-0.0933776522922241	0.357997209482728	-0.279148607236143	-1.25015129065336	-0.862081980643346	0.917973819258961	-0.52484096636086	0.372435118579973	-1.20200274186023	-0.0666612187332149	1.19681041913914
DG 30:0	-0.487046598357769	-0.934573180082027	-0.945777287811812	-0.829431625797997	-0.7065867481942	-0.0938434639817971	0.117782694452201	-0.831765575584123	-1.57947345494013	0.997888900445598	-0.51607156262542	-0.88770316145376	0.213362037068485	-0.332447565678976	-0.610932933644128	0.345284310595813	-0.851250481209851	-0.234683965165536	-2.52348290883056	-0.882251660410032	-1.50568601336173	-0.762439245390085	-2.05104505372426	-0.745666287285712	-0.0010124873792544	-0.535709789235624	-1.86899778006483	0.0557882452017132	-0.697754664138204	-1.11677913819584	-2.55355235696669	-0.521759627496981	-1.1282556612955	-0.837139081631227
DG 30:1	-0.0762832818886569	-0.446438911584039	-1.38138447250286	-0.296802438999324	0.859212135662744	-0.058806221350231	-0.917700069579037	-0.744892093698896	-0.290894383684653	-0.0273513676740244	-1.32985062863345	0.447695899802415	-0.312796058796761	-1.52291065519571	-0.393925471830079	-0.760097167740769	-1.37594744187916	-0.149506956404982	-1.40296381659676	-0.919995680115972	0.387977036176506	-2.09676872006264	0.253433168779987	-0.644377580625855	-0.0684448841560682	-0.571104731098463	-1.36327322968774	-1.68355676174598	-1.45976435307499	1.12470761281881	-2.62851306701099	-0.137292722866219	-1.54719662173786	-0.718262614645928
DG 31:1	-0.216190631865137	-1.21293049655584	-0.925703643232818	-0.577984330276598	-0.555572747117622	-0.0878837045903273	-1.02524948225978	-1.36941084250547	-0.23063791629742	0.443634867904986	-1.00063925219119	-0.703464474994414	-0.649524181828809	-0.98953773105202	-1.15036908957306	-0.960587975946586	-1.63571664802578	-0.155698854357355	-1.64778291215299	-1.1253145257497	-0.485981756985666	-0.272556387103444	-0.852215572339167	-0.728437296776566	-0.432589143613709	-0.316599531454316	-1.3617566391783	0.136367302106067	-1.42525105044912	-0.250689405018757	0.385116729632148	-1.53238252035243	-0.926352226758545	-0.918415703542239
DG 32:0	1.32893657899392	0.656560129277599	0.871244927768746	0.877297305333983	0.817975505686978	0.747075058508079	0.239124585776327	0.198649731469283	-1.14686128819159	1.87377772762743	1.41903968815282	1.064990249075	1.56683629859205	0.778638804530266	0.901421396200563	0.808762401859928	1.57856013020793	0.824553094263644	2.03715934967321	1.67927464644959	1.15746278223045	0.778720237705692	1.48504764542882	0.0911269695024713	1.23943654864482	0.745807475647785	2.0939705935689	1.47841158460712	-0.0944303939979601	1.32737103949007	1.51870949780388	0.322171375888048	0.928562174255776	0.889156772150758
DG 32:1	0.590887861493912	0.767812074672877	0.313019153363898	0.143463475055178	0.906240337327247	-0.880753392084296	-0.34388154014527	0.884302012449707	-0.790575820431387	1.35809447658159	-0.193932924167634	1.45642171468885	0.503294935026316	0.456549684216487	0.970552666306299	0.336598053432469	0.541232003783456	0.791183584323392	-0.536085005564616	0.344808205367473	1.10760398591338	0.748840903332513	0.463373680602466	-0.606145351317077	0.0210791195810722	0.457534961873006	-0.261196505870106	0.319864538425522	0.832888409459642	0.812179451527672	-0.219567644767913	0.862018358302747	0.426292292915665	0.576597116370132
DG 32:2	1.93931825018685	1.55048582751545	1.72839081431812	-0.647597042134813	1.21983032153759	-0.123690649825167	1.6360506748449	0.686073844183426	0.73360084763108	3.30794649762394	3.02363808751222	1.65397452146979	2.37588625789736	0.525708725962207	0.886647159590359	1.78313443632044	0.360213711656925	1.09746858289133	2.52757494773745	1.62404969240603	1.62168311444966	1.74747140823093	0.0674252388923582	1.32418455383124	1.66239696852868	1.52225685716049	2.90265517272018	2.05382753818285	1.76921220217668	1.83736982686524	2.13241769005788	-0.210558007337848	1.41121307252724	1.76378453987869
DG 33:0	-0.234741404352579	-0.802212155198149	-0.599536044740039	-0.325355923924671	-0.685461336053828	-0.0802200996676024	-1.77543493624694	-0.960578058001635	-0.0532357136410281	-0.291430179913324	0.0543802310285261	-0.971986059828467	-0.286284869114917	-1.03007651482565	0.0334142664180213	-1.38083797236711	-0.801929689627916	-0.860097461301247	-0.696827810018569	-0.154064508920054	-0.625614400288576	-0.79998998448666	-0.823345200890238	-1.39560519870097	-0.930982574903433	-0.397833161030637	-1.60628830325412	-0.706093966940674	-1.0533816041029	-0.623556213684173	-0.77836605380271	-0.81573330250313	-0.740213918885813	-0.935123516234312
DG 33:1	0.189158255793669	-0.0167363079973508	-0.32107623747609	0.0150922438764885	-0.132192837144679	0.175101296572708	-0.590619789286301	-0.936928305905483	0.992034865232625	0.58422387618507	-0.659405459410893	-0.28803542639753	0.257762985650289	-0.304666906414459	0.363543946572121	0.520122781406039	0.122412718014828	-0.195493409360491	-0.862928264606483	0.0992711050557874	0.0936249737755072	0.165355516881576	0.138502861822276	0.786888854427793	0.0595092630315925	-0.830712744994524	-0.655057108709619	0.435162730582218	0.765377644249845	-0.0926973933468066	1.46145179941895	0.167633595969958	-0.150208807071955	0.965119552137434
DG 34:0	0.628527096854958	-0.337532123724107	0.0649697887172712	0.315382861208564	-0.163301892964418	-0.43559708400459	-0.706992501195907	0.478926221404662	0.589776675299772	0.534034538569463	0.134243230704621	0.427465922091392	0.0911269695024713	0.140675677217589	-0.254864959473902	-0.580496993746741	0.400193811724055	0.0861389992109594	0.81152660322789	0.458095577262298	-1.11775910363182	-0.177306294266716	0.0390884586801104	1.64518869593778	-1.12684867697595	-0.221797307906867	0.0911269695024713	0.282317070046667	-0.643582965067607	-0.502730321331079	-0.0146503288975068	0.415180334547601	0.0933067276498528	0.0266444770361793
DG 34:1	1.809220665879	-0.773511190636727	1.84735444676461	-1.12490106950102	-0.697344191066865	0.639095296185833	2.6830597371812	0.372500484204319	1.60176283723386	3.60990871681761	3.01818535146267	0.120419173320797	2.39844152064893	2.12014611313544	2.17148256584773	-0.373198196976608	-0.300393807710083	1.11220574549458	4.92388858470958	2.04770361065774	-0.702614264302652	1.60326535025032	2.05737964385844	1.3731767923171	1.97959093726636	1.84999109392536	4.52629594059815	2.40473910380121	2.24978141884599	-0.576505823667306	2.65840157888429	0.207394811590747	2.10010772168323	1.78338418048472
DG 34:2	1.01210719760786	-1.12153749917241	0.983227593233108	0.278367724038408	-0.293863312543841	-1.06049415648056	0.315527663441642	-0.012036796004555	1.40480093163	1.75194008817959	0.794058871099899	-0.318621583512629	1.94569015365414	-0.104387420608017	1.05655981614376	1.87055934884464	0.837225468448843	0.867798405322674	0.548177156058471	0.753005916019628	1.38989090826258	1.35407831788295	0.769796975009396	0.602614408399561	1.23396642869292	0.977275767269356	0.0126621035694613	1.61771067395905	0.525215254324381	-1.30429148094816	2.27223592441923	-0.881637833024627	0.581926767522721	0.670896400282958
DG 34:3	0.23460245968168	0.0590170381214102	0.228879229672344	0.070076937167336	-0.655918643912753	0.216337437608614	0.772384000529395	-0.572082756498175	0.288061080564958	1.29775995023761	-0.379691069836126	-0.851285804134828	1.32781393176512	-0.445618108517343	0.701488837191634	0.315761913032233	0.271700300051822	0.265435178234963	1.50062904087724	-0.418703319251047	-1.13523392885265	0.478625297254232	0.603237975634504	0.151031625933519	1.1596039497813	0.438592673356856	0.323212249688138	0.644448058750271	0.124101039839073	-0.563239980683535	0.857215081651119	-0.229332532385004	0.413447106679368	-1.10516424195926
DG 35:1	-0.542733661099629	-0.72544944775413	-0.733291551874168	-0.895182345899584	-0.968171924246191	-0.403416242976589	-1.47945646845144	-1.37272907118307	-0.828129178790564	-0.108118132792623	-2.01223268989657	-1.14822519892855	-0.561470835235276	-1.51465309303063	-0.828720557036837	-1.74597402150906	-1.27425259662707	-0.437918584327531	-2.6410332847714	-1.30866831706585	-1.23619981392388	-1.42410535315534	-1.31483284585336	-1.08344165599402	-1.09362509760675	-0.6595205459137	-2.19201826842283	-0.388149546399383	-1.07427997578969	-1.0638308423906	-0.695221800300214	-1.86131676726498	-1.28877341555504	-1.27425824095658
DG 36:1	-0.388479003296713	0.133620170629277	0.21414104476429	0.807868339293518	0.638132481096417	0.256947462794721	0.250183787533566	0.0380068989018311	0.373512426504673	0.807868339293518	0.24113258192087	-0.105542541910034	0.968389015937641	0.853883068390621	-0.312279408129347	-0.761586818303091	0.715746272367163	0.0961149397939848	1.01183667719237	0.134733259770739	1.22355479422832	0.129872036436075	0.531064210966445	0.268430616823835	-0.146009804601185	-0.00820653456361499	0.446285900195115	0.474869961864808	0.238067639194917	-0.0450502057748475	-0.0424682837125094	-0.149031926093317	1.05900736896601	0.353045501790346
DG 36:2	2.14512513095813	0.0911269695024713	2.17053144874835	1.40483915163229	1.51408351465318	-0.123764839136122	1.5947486679096	0.405979162727043	1.63002486449491	3.27280305226653	3.44609387799353	0.349984746370706	2.89597916481648	2.39480026936204	1.61879987613617	2.84397136951618	2.82771806909658	1.66020456111283	3.90064521227049	3.01514753489333	3.24146664672576	1.49479458970766	3.03871256151681	1.91957738891546	1.62803034708674	1.20335587566293	3.82158800759317	2.34560129741797	2.71326509736516	0.91311915731061	4.15404724248893	0.24923441623061	2.26944249216062	1.41062346852069
DG 36:3	1.01046552856077	-0.67789451548453	0.651845820465432	0.213991001099058	0.182286547391918	0.324266759064458	-0.46788421147545	-0.374652932561994	0.515165243699463	1.11106333878949	0.824137432513776	-0.57703532639745	1.14528493628321	0.367878540559589	-0.0392795468596577	-0.166666279500163	-0.972247309956789	0.748627574822313	2.35150436952667	0.345637908297085	2.48825729133328	0.794899549140841	-0.0739694033829742	0.463043090302849	1.01680846972853	0.807868339293518	1.20775502103257	1.50746685066986	0.515489627627113	0.0704550256770147	1.48436337281244	-0.0159174973084041	0.342120873727379	0.550658764805126
DG 36:4	0.884467172588074	0.501255020121191	0.95559823615837	0.391070280005285	-0.754927459713709	0.457068556846409	1.02329927983828	-0.311566379553026	-0.695203562569397	2.26992358602154	1.50775072635193	-1.56368385622278	1.70528954080084	0.311474490171244	1.36086910182349	2.03586218678467	1.14322139318168	1.55939843471038	2.3906255011722	0.641382076422543	1.42653791738655	1.51823053376722	1.95099833079994	0.846958071309916	1.63462733313674	0.731898677095699	2.06827002560148	2.32248999815327	0.799680700105905	-1.14245799518109	2.38826838271298	0.246679357277268	0.763738375912435	0.171176863449903
DG 36:5	0.446024853324023	0.376535625546596	0.698704279947479	0.300544144732616	0.281476126896335	0.389177872037212	2.40570567826235	0.365867061380899	0.651750777555872	2.05168345243551	0.544197361185884	-1.30660047704644	1.46512719791675	-0.611196595582462	1.23977028359304	1.49903250478308	0.897436120278097	0.579110125920866	2.86780903548752	-1.04474670354859	0.533087577010493	0.601893720935298	1.78992753436772	0.650693778172296	2.06639113811262	0.833357048545233	0.895243334970577	1.73459985360976	-1.07097173953752	0.529194414905348	1.65698019317122	0.112435088115835	0.254985346624301	0.35003916504399
DG 36:6	0.0911269695024713	0.161794496497935	-0.334131886926847	0.132872232347311	1.00463094350894	0.263431192132908	0.184051954725125	0.0540830538987507	0.387155446820909	1.19079941738306	-0.754279656382819	1.12880459281927	0.611201959394392	-1.24663355195435	0.576257319319683	0.316563472319665	0.44219425427159	0.581412920042012	0.804210075359146	-0.568489411684759	1.15264416122126	0.300120392341395	0.642536831774142	0.287174345201761	1.41979981258595	0.208302438544862	-0.252324647818101	1.22429045063865	-0.641187067680785	1.42917787077956	0.756309775880979	-0.319370438478065	0.161244095465322	-0.143395376401047
DG 37:0	-0.931290955013628	-0.336541757400848	-1.27534633232937	-0.172588525599336	-0.771402446969859	0.036801956753748	-1.88181364788517	-1.03604604082947	-0.89262993416097	-1.1093671873741	-1.95278533116019	-1.09681676214244	-0.717839316451958	-1.1596958699657	-0.774344594435045	-2.1538040101476	-0.625614400288576	-0.755213823760974	-2.16139217484061	-1.05373836493813	-0.678998223186312	-1.01286318123364	-0.955214725058794	-0.815406176758377	-0.949332745755506	-0.916752317915361	-2.08837448134724	-0.932454198896177	-0.996246049249732	-0.922472974980909	-1.39991965399533	-1.38880787771703	-1.23271637956709	-1.11900236061341
DG 38:2	-0.431295775058472	-0.688678960747764	-0.651692755837112	-0.472629587085244	-0.924798440059897	-0.190668975190834	-2.18451034094222	-1.07184066889263	-0.780360115115023	-0.411261458230108	-1.69931408068671	-1.76204801342335	-0.0766373202725409	-1.54564425173074	-0.771419398268838	-1.22988511060915	-1.20178877322186	-0.76712676220303	-0.337861903917225	-1.41543668082196	-0.468968453868057	-1.84762919596579	-1.23942876660444	-1.09757689449991	-1.44420623328845	-1.05111304040155	-0.625614400288576	-0.929248925913923	-1.06796232338956	-0.813062397465298	-1.36315396308976	-1.03413040095617	-1.38085449078205	-1.62968838279027
DG 56:12	-0.462567983255809	-0.308099448316616	-0.202668519476397	-0.196390333825057	-0.475877013993327	-0.586010374831112	0.196866203174661	-0.733561499687206	-0.132438660239898	-0.00697175481300209	-1.38914682730807	-0.641672997560899	-0.0884763618178277	-0.801902807482244	-0.664393742705255	-1.05081036991449	-0.451778402794238	-0.311841488654756	0.78819551644346	-0.479554979006144	0.0911269695024713	-1.04622592653348	-0.458986350628078	-1.29348154430902	0.600451333156003	-0.63220319008863	-0.0296779894717966	-0.552036381005236	-0.43672014983947	-0.457608166393384	0.0540183059668339	-0.624485865089081	-0.358709468319075	-0.620112805775371
DGCC 32:1	0.067649508034161	-0.521138764852802	-0.844792653037952	-0.351022466645562	-1.03150019433477	-0.0994688962362098	-1.06809983994103	-0.845713616307226	-1.11055479507708	0.896641258392915	-1.51470566183172	-1.61846726462175	-0.0440406623114147	-1.56690881779312	-0.205570966943306	-1.22613226099888	-0.871616285528032	0.290859372098285	-2.52179623074926	-1.4599364768755	0.188771918097773	-0.693892181647786	-1.46602839669261	-0.761928775845208	-0.412552844593649	-0.382902027368831	-2.33489902532415	0.318358035341789	-0.762167160153174	-0.65658295083125	-0.891688473974558	-0.853795087192032	-0.782457587060836	-1.92535990261057
DGCC 36:2	0.582803699285682	-0.435740907718603	-0.325844703751941	-0.536123878673255	-0.430230550688092	0.102688794100125	-0.320375537770761	-1.09212771923713	0.0489223578599685	1.31182931146862	-0.572796146080968	-1.22427846850925	-0.0701656990379632	-0.55034645454413	0.113944757116676	-0.184738251881705	-0.927756224515692	0.521224697574432	-0.48124347259526	-0.409232883263194	1.38599417333977	-0.267514237574833	-0.73510948114048	-0.177513751785534	0.510604746501024	-0.124222982739688	-0.482055422032084	1.09378001770284	-0.194838664401693	-0.309724440627703	0.0817445216401015	-1.24171883839222	-0.0204886596074608	-0.17033259987991
DGDG 36:5	-0.759356874439115	-1.03178655012915	-0.842190424111043	-0.33367341589175	-0.916529530216475	-0.0864578587836762	-1.23534064291068	-0.813453254430965	-0.349078775969473	0.15852790860916	-1.70041324507201	-0.64354813224161	-0.14155018651083	-1.6044863408771	-0.0814445818244366	-1.35462114418066	-0.824512306535668	-0.261246874405378	-0.597026806967272	-0.855297650881265	-0.369750045434461	-0.862290081353366	-0.531871990822774	-0.72431533777509	0.0301495256844152	-0.749695262327277	-1.32210789165927	-0.378541678626379	-0.725653425286936	-1.71138955560163	-0.974197832609802	-0.828067592783097	-0.662469236637202	-0.832349417280603
DGTS 32:1	-0.468980228111193	-0.157938928005799	-1.12944145286465	-0.491820881529263	-0.298751675621295	0.0982380099770309	0.657634676807753	-0.243089551001619	1.36677250996608	-0.088087806673175	0.446118398904013	-0.459417954492797	-0.241038660177173	-0.565446977172782	-0.654870071089568	0.0911269695024713	-0.536919627017594	-0.0584681564006694	0.192243629362386	0.513015325992473	0.119304675235809	-0.19704538318684	-0.151056902437294	-0.551659971311321	0.0732742349104693	-0.162615130220443	0.0218105696964858	-0.129524660197969	-0.610041732896366	-0.317361015558915	-0.999191286250492	0.645819143758955	-0.377054193093553	0.0911269695024713
DGTS 34:1	-0.840526558726107	1.28228281283353	-0.811026131611813	0.908645865207743	0.133111727278152	0.908331315709436	2.07041839010507	0.807868339293518	2.37436088978003	0.0911269695024713	0.34059506025428	-0.0150474097791132	-0.1020478513172	0.99672320707396	-0.352718866214399	1.68047323078371	0.565655484087216	0.420471287876533	0.630818177278021	-0.256063532923484	0.787338290690195	-0.744098576642888	1.1596763130385	0.549417488331966	-0.0849534353382095	-0.895224984057708	0.58113965167637	0.60218376116935	0.93596527836463	0.0245867394207275	0.0688109913267735	1.0101685143442	0.21112366186357	1.25426788254306
DGTS 36:1	0.752706484903687	0.0920582666072339	0.112030415667963	0.146409296326166	-0.125340400383051	0.0478217678167299	0.114317338708618	-0.645946763249559	0.296218273215566	1.99657415611415	-0.459756484755901	-0.256122496492232	0.74965560057338	0.0972451691788078	0.404847978498186	0.0165615907711093	-0.0192327635181264	-0.80856753508166	-0.866289887534636	0.50696416066563	1.33280526447265	0.731645852742371	0.308451946502538	0.162238543450708	0.449634979356902	0.600425918513956	0.159236008699976	-0.98058929109072	0.134980300972491	0.196573935855651	1.58700490944812	-0.564362603652642	-0.00944100226192725	0.0782470538484078
DGTS 38:2	0.250312230807626	-0.882530844668295	-0.651158167501892	-0.150949022160915	-0.85051394986237	0.0505775308788382	-1.03884165254943	-0.473679329677073	-0.396237080729432	1.33566455505048	-1.12738645661836	-0.926519999594766	0.106956475013536	-0.806781947099147	0.379269518487861	-0.873289391837048	-0.328401820387104	0.568037344135433	-1.84533846094808	-0.337278230449326	0.623165824063192	0.135351025139746	-0.330603701740396	-0.32816152134889	0.274340611559594	0.0240576848976046	-1.49622026795851	0.856109985627703	-0.341081948670797	-0.886279898418339	0.558211601558524	-0.557099406408221	-0.994617217572439	-1.00593281739175
LDGCC 32:2	-0.468980228111193	-0.130098596645129	-1.12944145286465	-0.491820881529263	-0.265911964474576	0.113392823451213	0.657634676807753	-0.243089551001619	1.36677250996608	-0.088087806673175	0.446118398904013	-0.425627176592811	-0.241038660177173	-0.514030058834181	-0.654870071089568	0.0911269695024713	-0.536919627017594	-0.0220486939010984	0.192243629362386	0.513015325992473	0.16103261677082	-0.154401923608521	-0.0939656120262393	-0.551659971311321	0.120034859020508	-0.123195766292653	0.0218105696964858	-0.129524660197969	-0.610041732896366	-0.291358660588783	0.134465933543635	0.645819143758955	-0.33232803493797	0.0911269695024713
LDGCC 34:2	-0.840526558726107	1.28228281283353	-0.811026131611813	0.908645865207743	0.186588660672359	0.908331315709436	2.07041839010507	0.807868339293518	2.37436088978003	0.0911269695024713	0.456282384095925	0.0399782623719824	-0.1020478513172	0.99672320707396	-0.352718866214399	1.68047323078371	0.654999080305712	0.479777569884954	0.771668489092326	-0.256063532923484	0.787338290690195	-0.744098576642888	1.1596763130385	0.549417488331966	-0.0849534353382095	0.419966344376574	0.715800673093963	0.679597067453129	0.93596527836463	0.066929566329825	0.0688109913267735	1.0101685143442	0.283956756222375	1.25426788254306
LDGCC 36:2	0.752706484903687	0.0920582666072339	0.0821791125284928	0.146409296326166	-0.125340400383051	0.0478217678167299	0.0815367295259115	-0.645946763249559	0.27756944966132	1.99657415611415	-0.459756484755901	-0.256122496492232	0.74965560057338	0.0972451691788078	0.3794760418521	0.0165615907711093	-0.0192327635181264	-0.80856753508166	-0.866289887534636	0.50696416066563	1.33280526447265	0.731645852742371	0.275064357792401	0.136617495092914	0.42228887324554	0.131605387715347	0.110875603226335	-0.98058929109072	0.110108334602717	0.196573935855651	1.58700490944812	-0.564362603652642	-0.00944100226192725	0.0782470538484078
MG 16:0	0.807868339293518	-0.648510569344308	1.08870987903162	0.192887620039574	0.034696069425903	0.308440136315101	0.383213689392095	0.165680982371644	-0.360735473401166	2.22679936834495	1.64099129624769	-1.71072873487773	1.56762011562473	0.364079120761741	0.700136299866681	2.06659536217295	-1.1993676843851	0.143165374454795	2.84033524040571	0.76864127918548	-0.183843711510351	0.253840769862922	0.599142061532108	0.417290113508047	0.268290498368484	0.810331422806744	1.93532866821769	0.807868339293518	0.695161330149305	0.125334885014061	1.04172842440322	-1.90259184442292	-0.179515348620051	0.373002994750722
MG 16:1	0.961884629725167	0.624887951893721	1.12725750675295	-1.20801086991612	0.808000717367975	0.384690172341024	0.890284753269168	-1.61643372257314	-0.0171475590265373	2.70709186787271	0.791599246073261	1.41834184603812	1.81938194605726	-1.63051705752048	1.52103286973884	2.72190578368263	0.881189259642699	0.965288486407735	0.535622995033428	-0.483284501363206	0.969244807995011	1.16180502271476	0.114828700112582	0.637720345791087	1.12723162447488	1.25540559501552	1.57889728709978	1.50218294472434	-0.431311192253599	1.70141122305749	0.859426902706058	-0.0251408725858045	0.836563871587361	-0.240653321008298
MG 17:0	-0.748564727282387	-1.15751162123712	-0.428087068162375	-0.245970834039756	-0.556451185110536	-0.42047553872428	-1.42436987410501	-0.890795398737047	0.0504793642580206	0.0969080155258955	0.565842587025166	-0.724580667136097	-0.626360600161755	-1.0027710747661	-0.21649564699349	-0.256339013475064	-0.586393193752235	-0.344258661075645	-0.141328948815817	-0.656567009546526	-0.208142482186661	-0.375464861305001	-0.830338244798479	-0.499171813404298	-0.353343391358974	-0.471946436552117	-0.0330739720160737	-1.91352383355132	0.366381951348406	-0.521406480253497	-0.28543896869184	-0.698010466530782	-1.65187127468051	0.0331581194411505
MG 18:1	1.23405730372306	-1.5848432926913	1.42828428480317	0.32038492309391	0.363943838959353	-1.00514143767296	0.402154674136128	0.402760762305798	0.13869554881551	1.1774950175365	1.57348327942528	0.222469801719979	1.66567432879425	0.636943265570486	0.836258336909102	1.58645167625267	0.951305327324897	0.604635556027449	2.89707148743675	1.34658517136341	1.10147801863374	0.954196648142565	0.939684655314358	0.693709381662388	0.939082520252673	0.97032895237063	2.48750257403657	0.632752949376692	0.876581205639995	-0.683361642893811	1.57700262639378	-2.08983913831336	0.960943236363607	0.630797744550694
MG 18:2	-0.530734468261166	-0.289896278006154	-0.107976439353791	-0.18317777243044	-1.42534254099194	0.0264073625649899	-0.826199909785839	-0.533608322984449	-0.111588524982711	1.68533685947056	-1.05285831521046	-1.86677427480198	0.408963365816147	-1.91413729673882	0.705126135875104	0.18129897104879	-0.415905303844969	0.273301980857044	0.608025898087647	-1.52565775116951	-0.172975684020713	-0.784578000359506	-0.343602063004232	-1.49475850838556	0.838531696567249	0.0543500854464518	-1.08024447127918	0.95235112128652	-0.408912290463593	-0.440606741738537	-1.02153305805631	-0.604892510718782	-0.592408706081487	-0.858151551080511
PC 33:2	1.32469439802178	-0.920145268415846	-0.729169836935262	-0.289121945744517	-0.817051034641778	-0.0121066767373317	-1.37719366726806	-0.629102387138995	-0.203513927956964	-0.625458070832371	-1.11093303861518	-0.705454159924214	-1.05775634405604	-1.00168615642767	-0.695225422604738	-0.593720519615371	-0.862505719274669	-0.323644246272509	-1.13642976781959	-1.21197996278077	-0.102270501644108	0.747395579955877	-0.566747967540722	-0.509374477636713	0.793443615182291	-0.374786848353434	-1.10845130711919	-0.3691204886472	-0.51699678601925	-0.506688434065446	0.24597119010741	-1.21932529216662	-0.328533909921716	-1.12949190988226
PC 34:2	0.673004251491207	0.380502673409208	0.720787672865141	-0.263632273846153	0.466049205295543	-1.15138046313047	0.210902843439987	0.0116746473067964	0.131774574746922	0.0392033567203359	-0.479166257362326	0.0618347656841455	-0.810827165552673	-0.609705928140158	1.61893815624232	-0.405952648174104	-1.17206961377506	1.72563431813365	-0.497036290973195	-0.921006362078996	0.989597892221141	1.63401334692951	0.406825869005272	0.237728961386256	2.02310535917238	0.636094443443091	0.301726166392027	-0.730474034875607	0.208263607335011	0.941697241984459	-0.276627787347474	-0.571464381279347	0.597771480351977	-0.199964330065501
PC 35:1	1.18348290594554	-0.968470505700708	-0.859104286438757	-0.454914201693282	-0.0252577300627742	0.224449526050964	-0.674000051609434	0.409346896697255	0.305130483319675	-0.17775722090322	-1.08696781734047	-0.807302005966862	0.668294037094883	-1.37150987681899	0.856946835387855	-0.0838912333457946	2.49279476262322	0.522234533211131	0.213696513178487	1.06061184399458	0.960599617871813	1.12643662418196	0.324407762942582	-0.435191285208405	0.462703591566397	0.92067083975592	0.0497171218384649	1.56560395983942	-1.14057058768404	0.145804965990986	2.15088426320302	-0.554234356751669	0.195432338036209	-0.229370024682052
PC 35:2	0.616744760797848	-0.143107191312614	0.106971720009306	0.906006457239733	-0.275298381288516	-0.432116358054786	0.0868214459006835	0.045255441432091	2.01335969631976	1.52164813773451	-0.160338519992982	-0.17277151781372	-0.104854968383283	-0.147195477943977	0.19026558004127	-1.0828747452337	1.41581458853485	0.154461356086777	-1.55383815746311	0.87320615598889	0.126918470051665	0.390406085047905	0.373361045975986	0.212048644770338	0.60589837783986	0.412410913765925	-1.44588165027295	0.933466462933427	0.183334105531781	0.0888901475490894	2.05258215108313	0.9450412188563	0.118226115032014	-0.888161609367815
PC 36:2	2.39395464260659	0.664009810069198	1.18938426481381	0.509203968685885	0.592898525783831	0.545663712260978	0.765355570710861	0.38629332952973	2.68467331748051	-0.455748572542015	1.50377659838915	1.55383763407166	1.18086527352831	0.669816957456108	1.60789892819059	0.475602301058752	1.46396325213778	2.2453922013263	0.336803062978079	1.46969927904503	3.39894717387807	1.06194601793803	1.53448747921941	-1.25948275294667	1.81512881406934	1.6364139928465	1.93509277997013	-0.520955698802112	-0.64565922164083	0.45032391526309	3.60809801623153	1.28049595342227	0.943426112211204	1.33261938146755
PC 37:2	2.06467149736737	0.202952505227651	0.521010077907041	0.27101811174945	0.283716937505053	1.26910165160549	0.939581340946383	-0.41507242659805	1.5988297607122	3.57005280491476	0.452623258895114	0.139919459040817	-0.0366840174948568	-0.1728123416931	0.993231936114267	-0.625614400288576	0.817270717738057	1.61478351210806	-0.501929674831826	0.484389847569052	0.0357103212350231	1.23562073899204	-1.12320214824102	0.737545951018232	-0.43263423019391	1.68444886859664	-0.828274935359904	2.73730059417057	0.171837877371835	-0.0801180326677649	1.48004414757567	1.08637030779725	0.359834682047472	1.04563953222184
PC 38:2	-0.277616684901752	1.19069253328084	1.03948375623204	0.377315134840237	0.71769855922258	1.44214638303362	0.0183352428549903	1.26067131786054	0.772899544987458	3.1496974123526	-1.27848297433809	2.1890724774268	0.701531988684502	0.807868339293518	1.05337827278685	-0.0436419216109203	3.44396432713376	1.31459824097821	-2.82437421193313	1.73961396386389	1.73046150994648	-0.881001121635624	1.16186976138243	0.752169195817629	1.10807222466831	1.49162182902129	0.339947341348849	2.38567274378842	-0.232179195040757	1.2531640465893	1.77639045516251	2.65094614503282	-0.647832902492326	0.426458733377196
PE 32:0	0.151649889522533	-0.330872825145407	0.926780689749745	0.0338063904746845	-0.625614400288576	-0.249551721643634	-0.067403536506378	-0.130128748449292	0.230824199553985	1.51068422151996	-0.167549471025896	-1.04249386640327	-0.490031578912185	0.701591633344908	0.315878597177969	0.123247887806747	0.0911269695024713	-0.254403453641267	0.0121478398474788	1.26024108028791	-0.0228602286922322	0.171053792797589	0.191374832809959	-1.5075491440083	0.353742963852434	0.319914918731312	0.98528292871368	0.22287637452673	0.0477641183450833	-0.161399721483606	1.01338001552964	-0.283119353375148	0.531010155412586	-0.526951528291887
PE 33:2	-0.0141436103567788	-0.667051598456505	-1.04193931752275	-0.462317083794481	-0.643593098945866	-0.0608988175458084	-0.925439992940147	-0.750080604667102	0.282056670268325	0.880514335706118	-1.48106351512617	-0.81424628700205	-0.348373210429669	-1.10536291077007	-0.236250847452009	-1.75680051589001	-1.31689540710959	0.0725101955681933	-3.01319285622926	-0.672348986586999	0.162348197714062	-0.290197470133271	-0.750557968595464	-0.650427039609834	-0.373624205291302	-0.341003053595158	-1.37469174329717	-0.522175561406955	-0.653925397556677	-0.590405107135429	-0.723986626231261	-0.777528187839877	-1.12603685769948	-1.02418702856519
PE 38:6	0.0467252558441376	-0.372320832421772	-0.811045640315705	-0.243004685383862	-0.153107847260679	-0.0184602337174981	-0.768471636083063	-0.644855784831483	-0.205998623815399	1.09781182562595	-1.01458479245816	-1.45852829903049	-0.610286970702057	-1.21487773534481	-0.320406176794907	-0.616356361630452	-0.578339876832588	0.315296824140591	-2.25793686495816	-0.870595669389962	-0.083742002730566	-0.369390709620945	-0.590683119716354	-0.527741892446661	-0.687318268526272	-0.252770269047578	-1.14312028768967	0.567365984844371	-0.534827193154552	-0.517589752263963	-0.717066100910383	-1.4733178163589	-0.811637348336345	-0.618307824777272
TG 44:2	-0.322758451071804	-0.367892012656726	-0.916248845457095	-0.263842215666556	0.062079328938189	-0.0340874798863914	-0.814716331435245	-0.683602934578542	-0.238881371667523	-0.322871139005161	-1.21928422520623	-0.0228436265462346	-0.53145863505389	-1.22603206479328	-0.666271483346471	-1.17392634904294	-0.634915340390625	-0.267814488069734	-0.53255975947129	-0.903604913121777	0.266454972881484	-0.944703681381384	-0.427533162873404	-0.572918494091573	-0.33501996826277	-0.965062836494711	-1.26225891428823	-0.204236067309579	-0.578682967560097	0.204364017351614	-0.591930600405508	-1.0249054078551	-0.932580746082519	-0.631434072898927
TG 46:3	0.509458877724501	0.504157310815161	-0.189700884121017	-0.0189507590669215	-0.18751673933663	0.14957051724773	-0.146973261227332	-1.11698828416425	0.147570569097877	1.03789785096433	-0.294475438696429	-0.344961557177933	0.69888487458083	-0.951117378328459	0.539804094961573	0.547164095307808	-0.846385529425847	0.0648921427372311	0.434392150796368	-0.884979308187037	0.260645897672259	0.347833723175195	0.373634897327049	-1.40150960426831	0.231662200635038	0.139772799176695	-0.153989845150722	0.592178040082745	-0.063271384288247	-0.229285627641173	0.312654822400922	-0.361354715593152	0.0871848026799208	-0.572927524870471
TG 47:1	-0.729549738698307	-0.0249086354195581	-0.952803393010182	-0.778779027988162	-0.719502760269516	-0.594957800238736	-0.669475080295057	-1.28046767073924	-0.876862099613886	-1.0246308289923	-0.648523586779632	-0.892354358500934	-0.682578600390113	-1.22421416497116	-0.500201151389561	-0.892356336380103	-0.858802495654567	-0.75919712678651	-1.61484193833158	-0.271206589925556	-0.357539954895784	-0.743404691603679	-0.581957605963256	-0.751696716852332	-0.558611280307686	-0.667666470491374	-1.00492227755654	-1.14081377161369	-0.552530718198025	-0.650510080366816	-0.84450459084066	-0.846796385290856	-0.819262405702159	-0.413594409137404
TG 47:2	0.415590518359967	0.326271295497889	0.248478650522608	0.0808094856340908	0.634410783527074	-0.688015035722574	0.164371930513729	-0.0427270294351495	-0.253445617548791	0.547108849362661	0.249305365680331	1.07459651165253	0.523400194411058	-0.46625876917251	0.105087751043685	0.248834224295546	0.0448586281389473	0.0236371146386844	1.14493123387222	0.279138657812716	0.529690584003431	0.157917950657284	0.23765937537025	-0.431932932391897	0.151153001126525	0.16551089370416	0.182002744766776	-0.178385066909308	0.0022802857912825	0.796718513449578	0.0741194499069965	0.546154731300245	-0.0539238691530984	0.374095937857564
TG 47:3	0.312167086037147	-0.253798952721397	-0.334429773173751	-0.156976944861837	-0.302977323879491	0.0460568496533572	-0.668127168871233	-1.91453304490176	-0.0702422044367082	0.781465529257972	-0.500482272012145	-0.369396571398939	0.579120153134149	-1.50430414585416	0.295936049519376	0.277423130964491	-0.344768084357451	-0.12696369175954	-0.943230535878504	-0.371680856035192	-0.399868223070505	0.164373788361485	-0.446362314749655	-0.341230299601946	-0.0877322748481516	0.0911269695024713	-0.399316709061556	0.0108104246627711	-1.4229764405274	-0.406892507041872	-0.989476409167428	-0.56603841695042	-0.00180340319324159	-1.01366847516562
TG 48:3	-0.958293695468918	0.548906798072227	2.8404221132202	1.05643001469244	0.53502466019083	0.483007680817514	-1.54331118151589	2.80074585968207	0.849186839533145	-0.73630575877471	4.91200840718417	-1.87245949685377	-0.697420691499517	2.13880486390414	2.71072084125535	-1.40438228978532	3.06807975133544	0.866195457705848	1.68939723800413	3.4688242700895	1.17874670377875	-0.60271884391449	1.29844935884023	4.46774303849986	2.94399202981927	-0.955132764051401	4.7915500797032	-1.48881545337467	0.872475379146583	-1.77952981186993	1.95495955344338	-1.84325672187453	-1.08568302045241	3.48026075610639
TG 49:3	0.28960590457585	-0.60242870514962	-0.0128787313804294	-0.0796321854123752	-0.286131227065123	0.104062072892042	0.266304875942695	-0.341066485664693	0.0518120019954252	0.410841042057981	-0.313170914123168	-0.446432006709806	0.57266794557187	-0.545687224417647	0.0607249218499798	0.363167083585549	-1.13900357475622	-0.167107534810167	-0.495164719724644	-0.469025759410195	-0.353866925267878	0.0169643994460965	-0.404068457329823	-0.173543758079712	0.031514353377416	0.0186901354405478	-0.364634343032297	-0.503262082940853	-0.190984741308441	-0.229130429376123	0.283056990517277	-0.451341256020204	-0.359865729541122	-0.165673256886352
TG 50:6	0.888244326157536	1.49849231475869	-0.427581573314793	-0.857325767776834	-0.0840212499761065	0.197331437849938	0.163918696149949	-0.109808718827284	-0.377844047964397	1.804238222631	-1.26602090295692	-0.23846874793831	0.719546304504316	-0.229244971287764	0.917886198600631	0.29524006424641	0.387258414299924	0.179669342719299	0.0589221164851363	-0.594661791030625	0.392152953561963	0.575914603338718	0.222248363124505	0.137688283368171	0.355565260829994	0.0207854235212896	0.0343740343407208	0.287861667406332	0.0707632457863072	-0.147338303557334	0.113442947678169	-0.266914220571777	0.0889472113550881	-0.59395546080875
TG 51:6	-0.446825337901065	-0.802362379805797	-1.2660534488209	-0.401257936306088	-0.185257670136645	-0.137143325026217	-1.20744693047121	-0.939125898815904	-0.455730798226498	-0.140863152322531	-1.69707840543324	-0.492573767377266	-0.559194176731125	-1.59700646348371	-0.595813690200603	-1.85967546305969	-1.00800936784356	-0.624127490832857	-1.22498167464731	-1.66681671236123	-0.439026360242283	-0.98716617410025	-0.805857878053831	-0.870841289492921	-0.455368485363865	-1.11105621947484	-1.79072946149116	-0.548349286222822	-0.867895401201886	-0.299439418659371	-1.60865537085894	-1.07427536449524	-0.966644870236457	-0.984049457999645
Cer 28:0;2O	-0.606155949802517	-0.890336867275174	-1.16257567398404	-0.895498661153867	-1.48552714360405	-0.698872252723649	-0.463825959485568	-1.10243609860559	0.276436057925691	-0.658189772411168	-2.15006903865615	-1.03122108285212	-0.651353021736725	-0.506044313173555	-0.817250819483094	-0.751525561511617	-0.643833435522355	-1.16880067703468	-1.9703018656867	-0.133836588491385	-0.58681009904773	-0.970708715653272	-0.722172008909655	-1.2075229584537	-0.508504651798324	-0.817297703768028	-2.19625490664541	-1.0454018305132	-0.927015540496064	-1.61113123324694	0.510573121558251	-0.969946880459151	-1.42738039357269	-1.85611102177382
Cer 33:0;2O	0.312464171139014	0.588851238128595	0.0360408593671466	0.74597939837798	-0.168623277311735	0.897158214073308	0.416301132092869	0.322812769424049	0.924519427109658	-0.477119237611177	-0.26222413122515	0.21334847940288	0.227586412105762	0.0911269695024713	-0.144539258946437	-0.0767891677000112	1.13342299267539	-0.919644554923301	-0.507814492021945	0.844600709798023	0.427743726571321	-0.485654957281982	0.156762020951242	1.64272032914291	0.0801654921471327	-0.312680282361846	-0.189562095361853	-0.67301400215919	0.897480575764362	-0.154291503034238	0.637343484620064	0.257064438231782	-0.868709820309017	0.813369933806723
Cer 34:1;2O	-0.187575762818901	-0.180049917338499	-0.588773554417719	0.0911269695024713	-0.679545114867858	0.357273714110196	-0.664364217194582	-0.234375308130024	-0.0461086019061841	-0.61001175704712	-1.32743617777672	-0.420473740241243	-0.741657822737348	-0.865882057742311	-0.865082353259433	-1.25280954043874	-0.122404029093311	-0.271271344610089	-1.52565743831904	-0.158993326851172	-0.12451657819898	-0.446216115859039	-0.545275166429866	1.18153062002326	-0.640039124399803	-0.392947094101568	-1.30094082185195	-0.300757419170219	-0.035000427643641	-0.469295823456267	-0.457809060199314	-0.184574023474499	-0.638394377671479	-0.272339829558447
Cer 36:2;2O	-0.572150547800261	-0.625530467104429	-1.11663385458211	-0.104221673653695	-0.822128553538301	0.116974530878414	-1.59413456347693	-0.493451194566236	-0.763984713335922	-0.306903273190605	-1.73189252063487	-0.931614829047955	-0.568271067748428	-1.30733926095274	-1.13036118712937	-1.89726265546921	-0.768792041849313	-0.641974698854088	-1.84798473917895	-0.850960668008224	-0.549253431273306	-0.880271766802196	-1.48908101799734	-0.892310617652658	-0.675916670851359	-0.794185592071408	-1.53124272533332	-0.784641610366699	-0.41570469014145	-1.28172707691044	-1.13609839810451	-0.613851938377209	-1.09364922529361	-0.819836540337289
Cer 37:0;3O	0.107016968972614	0.709722788322398	-0.278513824528441	0.809800485028224	0.15029222315736	1.07943729018776	-0.417006146283072	-0.282083870188209	-0.00894346343508332	0.581067847008938	-1.99026304867047	-0.00183184830790637	0.243221987405671	-0.144967666734361	0.140431631202625	-0.372858370566224	1.24124516715709	0.0126955665754963	-0.874463476594045	0.339520303057465	0.200841179839581	-0.113719953982262	-0.944550545567179	-0.104773948151732	-1.09401342174313	-0.0855895921722916	-0.344757121483285	0.0699084989351723	0.245507893670232	-0.0492597225384572	-0.157716235206754	-1.32427033701629	-0.429299195698425	-0.0782057698151121
TG 49:2	0.105818209949455	-0.104422170062112	0.0892624510822311	-0.787832700776851	-0.235624737597047	-0.656271000338415	0.371652323071843	-1.02980857161212	-0.348069270221766	0.280863960777769	0.127873707976416	-0.394462805138608	0.24178966828252	-0.398126344603677	0.132477502097034	-0.0968074186640808	-0.0503903461027002	-0.104872942204379	0.630681135546113	0.0475206792342064	0.199517231533621	-0.115072949936343	-0.114656339682717	-0.425393711491073	0.111554607647122	-0.212135209183451	0.189486637847021	-0.0124931230528785	0.271117621435274	-0.267377352689578	0.199596044582109	-0.369988712315053	-0.29107824155927	0.533331558194198
