Feature	N13	N32	N20	N6	N30	N28	S29	N10	S2	S18	N16	N8	S33	S14	S23	S3	N9	S7	N11	S12	S22	S17	S5	N34	S31	S19	N25	S24	S26	N27	S15	N1	N21	S4
Cer 34:0;2O	-0.216208558272669	-0.213851501724659	-0.62372617975874	-0.554987409222834	-0.112767655459678	-0.0026741297228836	-0.070922167934753	0.623595514146408	-0.16352491772666	0.427954020681394	-0.0332131324752548	-0.716444506971041	0.678460553968555	-0.312453250150217	0.0937662566978143	0.73683281520064	0.193844860203539	-0.690021779096918	-1.18541331264509	-0.128608933639982	-0.359812170633906	-0.165423600674943	0.18405150167048	-0.488221599550538	-0.483110856329539	-0.232367401792245	-0.418366804976672	-0.0332131324752548	-0.299298772095203	-0.365410676516889	-0.098877029759771	0.440372171352856	0.524233802058209	-0.525601615393082
Cer 36:0;3O	-0.154672418017609	-0.177891272271238	-0.227125265333036	-0.199897033441919	0.119380568217372	-0.0637521352276259	-0.201143031748289	-0.173261868802175	-0.109468328806122	-0.419521536485678	0.0156251279041612	-0.58889263152641	1.62924522345834	-0.264039156056454	-0.53823961618853	1.09811951650455	-0.300615846433074	-0.162551810992241	-0.249404091110735	-0.0966723780800552	-0.848294724971886	0.623595514146408	0.00129603985345592	-0.455816603907321	-0.489625523142375	-0.0342883716877492	-0.511100015027496	-0.0716393621835049	-0.551052041271829	0.460030742846744	-0.0618042856075403	0.636252304171217	0.623595514146408	-0.322597053731483
Cer 36:0;4O	-0.135691620647817	-0.323281787215802	-0.62372617975874	-0.517687028550037	-0.112767655459678	-0.688286868922456	-0.070922167934753	-0.0165739415193881	-0.32802408939947	0.298994427965034	-0.401857553820127	-1.10459659490242	-0.143554498354908	-0.0528235683310089	-0.258506182033785	-0.205165365304053	-0.390788017788743	-0.557032445041731	-1.28971065119191	0.333970771416592	-0.554273877017354	-0.0976895479901312	0.181766036145874	-0.586832981582174	-0.463286126063795	-0.147199202368151	-1.49456396687444	-0.598511754073552	-0.560766386246984	-0.0899713166609033	-0.211692799797435	-0.402467843509099	-0.288331584317379	-0.525601615393082
Cer 37:0;3O	-0.265166235267061	-0.213823436287491	-0.29507129486097	-0.494879109897452	0.0487799711041531	-0.660371288486725	-1.1563971578804	-0.242835408472985	0.744273533581405	0.427987094773546	0.512650640302618	-0.978536011836712	0.158357949457935	-0.312415464998774	0.599028081837493	0.598223788508483	-0.351177742068076	-0.260044710369523	0.250815902816584	-0.128584008509997	-0.359762297303342	0.186110292686644	-0.391238801295153	-0.488196308822893	-0.48311594075127	0.158740507475562	0.324412631265298	-0.610786557501194	-0.611139379790242	0.0305553312581847	-0.0988480960519649	-0.623022717910685	0.524311002568106	-1.28787524278254
Cer 39:1;4O	0.0669190701640101	-0.682278092419401	-0.226817562429316	-0.645409556903185	0.119700292694092	-1.03710470705851	0.369232790274089	-0.172946795495796	-0.10922371719525	0.957675214512872	-0.211873117072597	-0.588315446203672	0.721074701942828	-0.546563159623006	1.46039426009055	1.05062594514383	-1.79813601922425	-0.162110301040316	-0.35483074244172	-0.243015826200995	-0.295620333029941	0.210877985755561	0.318533972038229	-0.455669967977402	-0.489655002678083	0.747217320192738	-1.07961833404143	0.558347355413287	-0.212988274576315	-0.471870162623601	-0.0616365276367248	-0.149091984881401	0.623598383051559	-0.53004375051064
Cer 40:0;3O	-0.0332131324752548	-0.347343790055222	-0.547551994202622	-0.609119757878371	0.121213243881748	-0.672207815650762	-0.654883209157458	-0.213132089450409	0.182420472969348	-0.442788651568294	-0.862948836682668	-0.375096475249004	-0.837642434705148	-0.652006562146223	-0.201201776693425	-0.641300172773206	-0.0285105201096751	-0.893693351752113	-1.35705220484907	0.134453392107681	-0.597032955184391	0.0944909153378449	-0.43742547597277	0.023874470923787	-0.458926978924554	-0.820882054732645	-1.46142817083596	-0.141698031736226	0.623595514146408	-0.200002356291649	-0.236499217571034	-0.148555124875608	-0.0786835633012485	-0.596226513660661
Cer 41:1;4O	1.1486126593617	0.643043180259669	1.3334375243533	0.587593765680536	2.23945791896845	0.766588116496949	1.71901508504172	1.37923206060793	1.12458709591389	1.4377730912755	0.61951856523748	2.2280422705736	3.00569662246342	0.767577026473209	2.97996109269063	3.29552502169389	-0.656874782210636	2.31546697427802	1.39034918928769	-0.795519520792774	1.12461830877363	0.774077472698682	1.49218873017135	0.106848004376504	-0.638348557302768	2.43674405477302	1.50008370225674	1.6876699995854	1.74812536713839	0.614776427420359	0.784527714688827	1.05113619353896	3.09996120494844	1.10021068600476
Cer 42:0;3O	1.21671843659207	0.327905960873502	0.729313476370775	-0.0332131324752548	1.394787302058	0.207762704852519	0.539532418008584	0.928077043089009	0.650862556864852	1.85106857529054	0.683168448205948	1.53947812414702	1.82574960673626	0.0818540581724412	1.26968494435916	1.66686672882442	0.738988420378568	0.946672004369686	-0.0332131324752548	0.352530023681809	-0.0332131324752548	0.939343073628628	1.06614688119227	-2.53760555300493e-05	0.695259660984921	1.29859180551566	0.672945329318488	0.790825221879154	0.529434387307193	1.19031409239544	0.867896883834079	0.6109387241216	2.89691338669535	-0.611008599616992
Cer 42:1;3O	0.821459727762447	-0.214207614268608	-0.295797757326108	-0.347663907671905	-1.09007258433225	-1.70448833354948	-0.449658727352537	-1.04572482905181	-0.16406023770905	1.39520314821556	-0.487580264287847	-1.2423928670454	1.12579077521448	-0.785309945766391	1.08056984841516	1.21006897000148	-0.351718337590732	0.579375200618802	-0.6934711955039	-0.128925199921324	-0.810168647161284	0.185846676343308	-0.305504944941816	-0.488542504773074	-0.483046341875461	-0.115603330226866	-0.788034490196813	0.442399255317472	-0.300149650778542	-0.41239133998362	-0.0992441594870257	-0.212593935675027	1.524412186381	-0.372407966274405
Cer 43:1;4O	0.970664820278808	0.0387565172819288	0.182545499263351	-1.07212864815286	0.545056664396665	0.64908824925569	-1.20556909007925	-0.0332131324752548	-0.921123072764542	0.725643340432026	0.0706956094655208	0.179562750668363	0.734320869133522	0.659252680520424	0.666341272817387	-0.338625089255153	-0.0332131324752548	1.78409171758925	1.03763139724661	-0.253307597176591	0.95218836799962	0.359426325964047	1.20155513737472	-1.75341117605745	-0.52887410932018	-0.690641453974703	0.779197806211712	1.29313943054903	-0.35239479170263	0.518743759610309	0.161546015414714	-0.0763634623405289	1.21909088747761	-0.991754675187362
Cer 44:0;3O	1.49895734293537	-0.0484215397383889	0.0176959000627257	-0.149512375473129	0.373766594641313	-0.88538496711549	0.00649666561945654	-0.262834844416645	0.277119837063186	0.622907185841132	1.18027631975037	-0.129660100230403	0.607716934708092	-1.89708672796672	0.534555473398229	-0.0863369045185059	-0.716155543733037	0.0647307850910776	0.0518671070511119	0.0183106842977874	-0.0658369465867896	0.299606238035176	0.273867625028702	-0.339146989101612	-0.513080661850291	0.255603873895285	-0.247831291477745	0.88240717771086	0.257115003739624	0.316164811076189	0.0716708991341263	-0.0373444454580103	-0.0332131324752548	0.157130088985176
Cer 45:0;2O	-0.802177934557179	-0.407103390866989	-1.2921034341749	-1.4785935269169	-0.987204984391949	-1.46191087438029	-1.56904015200385	-1.26374944244331	-0.956083756463635	-0.193374731359768	-0.625176816108593	-2.58656558378784	-1.04397318511304	-1.17535628920619	-1.10129616782427	-1.28985444180244	-1.14057964788856	-1.69064418335399	-2.044477699282	-0.690021779096918	-1.29673083486054	-0.0332131324752548	-1.18439714639131	-0.80549622364626	-1.10658117341544	-0.846133500375461	-0.64726834269639	-1.52319162487689	-1.55905264521283	-0.894755555039284	-0.642424664577726	-0.373725574534121	-1.20202743683956	-1.43455720801559
FA 16:0	0.911276677418552	0.623595514146408	1.80705598303376	2.2961625531157	0.81500296015682	2.99055109906253	0.620891634350207	0.344313448679277	0.653378393734939	0.353095271535171	0.45061234717497	0.140602638043092	-0.475615525147924	-0.229791677034905	1.22790214818561	-1.186216266949	-0.125139760147477	-0.0332131324752548	0.845739849670545	0.694335578251916	0.435519775916793	1.19373991321334	0.652029333221932	0.490520924379421	1.24597743521589	1.37292668288829	0.0635603464544962	0.120082165395627	1.29884323798436	0.988627093714691	1.14785556694261	0.941374175119924	0.909325302631932	0.013549652740627
FA 16:1	-1.15207300712033	-1.07161354741839	-1.67932146226784	0.800447789328828	-0.690021779096918	0.849647864883329	-0.990984725700594	-2.02801954257117	-0.579363136322859	2.82867800774305	-1.54977747995663	-4.73155677917532	0.443459805620299	-0.684885751810532	0.168799164466146	0.321594926635492	1.46874543878955	-0.661207316547036	-0.774220073753764	-1.6865057214183	-0.975754222105519	2.13954919183709	-2.04062342501679	1.52262243237793	0.381444513582326	0.470415783747526	-1.14673161506226	-0.113340974527906	-2.15614780862054	-0.690021779096918	-1.1706005437485	-2.63306799564708	0.77851583592856	1.84896656365132
FA 17:0	0.573871319908779	0.520870167926082	0.415821675105881	-2.77849194284751	2.11561627366602	-3.19346052144067	3.20204179009609	-1.58034232388433	0.401649001920693	0.905876261156249	-1.59693925839839	-2.56371969378584	2.36263176285552	0.892494962519261	0.945965590903418	4.87641953204588	1.06977361529691	0.759985705984712	0.118370008325764	1.4241845087219	0.24158925188013	-0.302843930839165	1.7646366102119	-3.92804781648247	-1.97400687838623	0.727023796944735	1.36589931006657	0.819245684688049	-0.860954098408087	0.679721147411132	-1.28239859202572	0.642278027012894	4.72015768492741	0.298017562518606
FA 18:0	0.653403333468014	-0.0332131324752548	-0.728259603699048	-0.00614127075543305	1.04770643655608	0.523429766509346	1.16954495554554	1.16791645687094	0.897570900479439	0.433829117665705	-0.297933240979786	1.72262649129039	-0.263174393877524	0.0573882306121627	2.76442995375487	3.91047486828361	0.364465901471506	0.187608852575737	0.53610311691284	0.433526024821761	0.438315352994119	-0.796929370465307	0.588166453641743	-0.0903007358742965	-0.780753654159284	0.290360216793954	-0.0332131324752548	1.3212313053119	1.28803159478533	0.667525817703735	0.869615597374364	-0.0290818194925013	1.14743995864807	0.685532933328794
FA 18:1	-0.186645435891938	-0.828723796948325	1.28170552929882	-0.557454746775314	-1.29233691004298	-0.262787109289481	-0.43655592599442	-0.150648267370838	-1.45593597609125	0.6493779468449	-0.214764114134984	-1.34029676907217	-0.0332131324752548	-1.16134120400672	-1.69941328631604	0.407587416259226	-1.49674613673628	-0.366877427607537	0.623595514146408	0.865828642523875	-1.16287397320943	0.742491941610383	-0.895772164222858	-0.639506722295651	0.0582001374143707	-0.0332131324752548	0.515803231527138	-0.169056598362676	-1.76397562375376	-0.0555469648723164	-0.235802411860285	-2.52612700955566	1.41411921492319	-1.25452127444882
FA 18:2	-0.426517017417732	-0.224419847134203	0.307966332750951	-0.359869815768966	0.0279598242102311	-0.681998760812379	-0.218681453868837	-1.36720147413097	-0.481539756950247	0.415499611798297	0.0995603598976699	-0.753930704857518	4.33193961280583	1.10754928742412	0.0698114726532534	0.0199106395679964	-0.366088467152563	-0.288795408935065	1.07656887672451	-1.67690192065135	-0.378592515332504	0.178839217254978	-0.0966601940726919	0.345540521098124	-0.481196262063801	-0.0940762961232949	-0.277334286632879	-1.30841203872982	-1.34291364771212	0.0122578663982886	-0.109772331915391	-0.230371164779856	-0.0467979134144576	-0.940765009656617
FA 21:0	0.312990300037036	-0.0603240660712638	-0.838130020208583	-1.12764205878246	0.092642606713975	-1.33711354470854	-0.732202371742051	-0.537545208239258	-1.17739468620544	1.09109082493102	-0.508257353006277	-0.660505443193273	0.233244149139816	-0.515631298200005	-0.0363547291116371	-0.537795443212304	-0.42686677490692	0.00611987257648053	-1.15546574693594	-0.508953020029263	0.104389856588927	0.103795011037291	0.163486091128818	-2.02842214606353	-1.68631212660497	-0.0470207228179754	-1.19862958038758	0.126359626726352	-0.554989597194535	-0.105732154822952	-0.209200281144937	-0.398259128707457	-0.0424208020125423	-1.35739294048638
FA 22:0	1.25271484241873	0.595991712510103	1.01807215357855	-0.565309098007812	2.58907130968753	0.473641490805671	1.20876414513888	1.32516662879389	1.20534423323476	1.38232465585876	0.692675099215822	2.75792813396304	2.34464410453761	0.703100781808679	1.87509234101505	2.25456993095209	-0.285876541366592	2.43544603987169	0.368297523483444	1.06189118304519	1.07930948235578	1.4733028616886	1.47138213430508	0.485878594190627	-1.84887525450154	1.94498976530751	0.587726820996827	1.41486894828899	1.30618004740299	1.42891223176784	0.736020598566945	1.22752164482878	2.75189584423263	0.629407075231241
FA 23:0	-0.0395418194271668	0.108536839508786	1.37267140421461	0.747211507197862	0.682163141305225	-1.0627825946082	1.01756272116092	1.66372650669933	-0.556436897621737	0.807876900306274	0.869695251976701	-0.0331094235390151	-0.417827797701763	0.645274291530208	-1.01094503595534	2.29942760528883	-0.0149171651412824	0.614598907454997	-0.0612763774403159	-0.547916385282681	0.213083958376547	0.407308386587888	1.28096334000054	-0.740536835898184	-0.541515729140464	1.70602992859551	0.993598195387077	1.26913057368443	-0.705302288507017	-0.752191714031094	0.233485156852268	1.17499035306926	-0.0893275030519213	0.486696182445583
FA 28:0	0.77147514867864	0.376039864577503	0.820332420870957	0.615387728144053	1.20776113453773	0.232496961073847	0.626299393942609	0.899285554364726	0.723219009679989	1.12311944041687	1.40144809360073	1.3759156148657	1.50343456450413	0.702395534619459	1.04167552118451	0.588451102457866	0.478847598007834	1.30555469235255	0.68119351007767	0.395278112704716	0.839678093252412	0.590864375649677	0.650923730074278	0.534454380659336	-0.589977407673569	0.476843956537264	0.947978459729496	0.827092864357384	1.63801704763584	1.04910804461096	0.509264020309351	1.53336644600793	2.14686714962467	0.623595514146408
FA 30:0	0.474918392994676	0.0428889170122344	-0.639805154739345	0.106298086353716	0.553176127737033	-0.70239430803294	-0.204589883316531	0.824436346240225	0.327824978402811	0.725871072206274	0.934116906051144	1.29535086082843	-0.637321122229501	-0.224817854638253	0.788482999336721	-0.150065305627805	0.732725423903344	0.583148834162188	0.481044068594024	0.319575879331691	0.261559040142338	0.180423541956077	0.466102794227638	-0.889164899310818	-0.529622747685107	-0.238299551845074	-0.130709403045899	0.570459995915124	-0.0868887785839267	0.709203428188165	0.1658062606986	0.785242862825473	1.25119507007762	-0.168190673731312
FA 34:0	1.40940237635425	0.673323819440706	1.38248237560732	1.50522042710689	-0.31934153841535	1.45631905788777	1.73429667753734	1.63864637027934	1.1701059396293	1.47345771805364	0.627340546244237	3.11439261182789	2.13391260832872	1.02843728473445	1.42438362809041	1.7315751657367	2.15049817945068	2.58154909879109	-0.480116916190766	0.659298272917023	1.21673152602914	0.950453948151106	1.93536480154397	1.71469253870841	-0.64383429190854	1.66286012555077	0.385935248547186	1.35985892589314	2.88247298222958	2.37683930810043	0.815745157018518	1.5316415671712	2.80940638606393	1.13173222284106
FA 34:6	-0.0756798175048681	-0.352056902343319	-0.556464267522722	-0.510996562859195	-0.0332131324752548	-0.680634414970163	-0.36109733832885	-0.144257852508818	-0.280635478421547	-0.664239346398426	-0.650126942962831	0.0177204723101696	-0.468792530044722	-0.296599888004226	-0.562561132989451	-0.834496478385949	-0.234349560411555	-0.77385195026563	-1.22651112178722	-0.0332131324752548	-0.690021779096918	-0.332499616554732	-0.0332131324752548	-0.353184704347425	-0.458073136869731	-0.690021779096918	-1.47065805680234	-0.307703559390819	0.489028661251722	-0.164623557615393	-0.241358141128341	0.0468525037536432	-0.395840801279276	-0.46625740617002
FA 35:0	0.663228966601796	0.884933624346358	0.106220301444761	0.766964446251874	0.883736498392397	0.632982878273163	0.368925549028779	0.863266977200957	0.778982228219024	0.787566510623143	-0.796909673265563	0.0615948503696997	0.623595514146408	0.369498170851003	0.0637424626612824	-0.130780188436216	1.23416636623407	0.567837050587141	-0.951982385946581	0.807717324542793	0.454321179575473	-0.273683653652471	-0.196909397230135	0.522867108092112	-0.538393448830958	0.102427337185562	-0.825649891231011	0.283015008913673	0.346802789864693	1.65367008560323	-0.458160054414868	0.789743676497906	0.751593321222156	0.249328772762451
FA 36:2	-0.400974520615376	-0.627283315362042	-0.95879127616218	-0.841381991761218	-0.763598440945263	-1.31734956054266	-0.978197230577746	-1.04339580016189	-0.555891757237559	-0.0592602643163194	-0.304313481178138	-2.56429045144129	-2.21716323047764	-0.987363982197402	-1.16424209836662	-0.870185015634121	-1.36183761551018	-1.50345325540864	-0.428979245045825	-0.755763654772428	-1.09449595211445	-0.097598786944892	-0.94480540914216	-0.8607791811711	-0.408212265396944	-2.02299375376269	-0.884085385542874	-0.77803983359026	-0.604516234472982	-0.683390901837406	-0.361370938336931	-0.738584129174877	-0.47438078599145	-1.06289597916708
FA 44:0	-0.383307772950918	-0.36544174879701	-0.17264656639527	0.623595514146408	0.857936019501534	0.517166752035932	-0.527146475819849	-0.536405889656107	-0.391400317714505	-1.06493236026634	-0.226838356213224	-1.2541390825365	-1.05289867565565	0.0722762432361931	-0.714589211405833	-0.568818183468765	-2.65694431004217	-2.00301495835616	-0.519894226857165	0.802492055602851	-0.62919370413236	0.0820724063658622	-0.393552467878127	-0.62482476840119	-0.455648296530497	-1.01109237483922	-0.436633818056832	-0.81724654270784	-0.661501429730549	-0.231253198572501	-0.255157079445387	0.854520695003387	-0.359595304328505	-0.00846704149424433
HexCer 33:5;2O	-0.000571970677861778	0.0446288831433858	-0.651783954494788	-0.37318451099824	-0.597326103038635	-0.699567376278129	0.00449590298424104	0.0585065372375699	-0.196157480993008	0.402371630050945	-0.287357733406085	-0.0333168414114944	-1.55151337609298	-0.341679585367558	-0.246695874390207	0.170261051932614	-0.0612552010633306	-0.31902076713897	-0.425554084812358	0.247861797300174	-0.398388559024856	-0.0156663299221196	-0.120112965595128	-0.507783656491043	-0.618357632258405	-0.150837909301653	-0.628365334049444	-0.71093430377515	-0.0332131324752548	-0.363847879448574	0.42537215482898	-0.249763280931279	0.464520187184739	-0.0332131324752548
PE 33:2	0.623595514146408	-0.354613548138435	-0.561298764287482	-0.401335465849453	-0.227848677251609	-2.46168590714626	0.0418320546060235	-0.515439820155198	0.593812634557878	0.262071092623867	-1.30185848233612	-0.401507546357124	-0.102521806737313	-0.123814495562672	-0.345329020800462	-0.715393504734843	-0.690021779096918	0.202330634847629	-0.588388827818219	-0.907119196888823	-0.2357894087657	-0.128938318576348	-0.589832885028137	-0.615067105547022	-0.457609966979917	-0.265940341921672	-2.84032192481291	0.0774107499836691	-1.28418505868176	-0.212555488195628	-0.243993882804377	-0.91833552825699	-0.203752040792082	-0.564986494502929
PG 32:0	0.177292154941612	-0.493011663992319	-1.68921411016346	-1.3094595065284	-0.499777459893506	-2.13908861456125	-1.27436333750025	-0.783412737104205	-0.583167571960562	0.0989739703498608	-0.918896743663953	-1.70663291199192	0.265229999863569	-1.01885828504231	0.397461328115295	-0.859494679978668	-1.36573372307852	-1.0175518223441	-0.777681602297339	-0.376533214655137	-0.855890210321034	0.591191011417418	-0.66212438291344	-0.739782392669529	-0.22149501027709	-0.535958235447536	-1.65602286309918	0.137843030009405	-0.966311028041995	-0.451535903181893	-0.0300365538777228	-1.19984993071026	0.37643525383891	-0.754811131725538
FA 41:0	0.543324924115302	-1.01346620276403	0.258395307786329	0.959445208909606	0.623869831403635	-2.31157127315681	1.09457216637874	0.32388837072767	0.276501280406599	0.772913808130421	0.623595514146408	0.321840888712582	0.325431046071308	0.0816424592823558	0.745462972844639	1.00540514997815	0.97555940877931	-0.583491931963716	0.160966354556032	0.131357916010181	0.160362152873391	0.386950458489904	0.625287200070903	1.28774308594263	-0.536140914773865	0.755855643738191	0.623595514146408	0.156587974119692	2.2257789309959	0.996266084935571	0.202898923725802	-1.94311855206169	1.32942813249142	0.635888818936721
HexCer 49:6;2O	-0.245198283519813	0.0281466335299634	-0.767116414312055	-0.645572690942114	-0.437395533702095	-1.05898102476539	-0.89990104449092	-0.914905904747257	-0.248846737919861	0.133803180460336	-0.584822151348513	-1.0126176264765	-1.66365914335746	-0.668343001713118	-0.130168727611789	-0.914613561860873	-0.638929460499775	-0.937362394006384	-0.737258339625347	-0.494539474159674	-0.80337028925578	-0.612628631618819	-0.676839504967872	-1.52954248897701	-0.12462640236488	-1.45860431975468	-1.09178012203564	-0.456490231416674	-0.588405376817366	-0.0332131324752548	-0.0332131324752548	-0.354614433653181	-0.611000941576434	-0.714274290352803
Cer 34:1;2O	-0.605997283611388	-0.711604890773418	-1.23635257671364	-1.1532788226144	-0.92927600967944	-1.45033203375574	-0.901473288616822	-0.660935565100656	-1.17617018723664	-1.37149200146626	-1.26938218647713	-1.63616587548742	-0.976742662583618	-0.943692159804236	-1.26021874100214	-1.09414921342749	-1.05163023748062	-1.61064962334172	-1.0766605163125	-0.570667535771217	-1.24433854245261	-1.16699452508312	-0.690021779096918	-1.14949231760631	-0.392936307003796	-1.22931238493802	-2.41243543259015	-0.690021779096918	-0.594642092639515	-0.581030892111937	-0.690021779096918	-0.284809151343085	-0.844952617803756	-1.29843828259903
