Feature	N13	N32	N20	N6	N30	N28	S29	N10	S2	S18	N16	N8	S33	S14	S23	S3	N9	S7	N11	S12	S22	S17	S5	N34	S31	S19	N25	S24	S26	N27	S15	N1	N21	S4
(+)-6-aminopenicillanic acid	-1.19217085033283	-0.459143859538554	-0.24968990372751	-0.133112196649243	-0.321730778064822	-0.68860997153093	-0.351721200083315	-0.112005859726075	-0.210075428646964	-0.326577382606867	0.025614853097527	-0.615186157013465	0.171649879856529	-0.247155752801926	-0.239991133842725	-0.259256669708451	-0.197689077292445	0.163382530385935	-0.258253747656786	-0.531491735608074	-0.925409777078856	-0.750989124635821	-0.253851917562044	0.819308534742705	-0.209443592646824	-0.115238891176209	-0.50960605877644	-1.02569993151552	-0.375374749133786	-0.201939163629672	-0.188531111203576	-0.280987508174127	-0.332348531596077	-0.47743419866465
1,3-dihydroxyacetone	-0.600889066736449	-0.872473090326674	-1.14251728892275	-1.06828597878846	-0.574180495381792	-1.32058424223769	-1.17423740035957	-1.03259442721076	-1.23061500624548	-0.81529649609099	-0.418807060233521	-1.28158781146311	-1.7054558226892	-0.90420992743839	-1.04877337328608	-1.12597270484551	-0.827811206144896	-0.692913919611327	-1.64973663182318	-0.65964087397258	-0.460523807583155	-0.927922780625082	-0.858609619848451	-1.23733330884371	-0.86127093511773	-0.393507401015228	-1.32751268668496	-0.618047356183584	-0.674352575474306	-1.00083164649159	-0.891377861616816	-0.884560642837563	-1.47149972340752	-1.07414309222043
1-methyladenosine	0.135539235829406	-0.304139756049918	-0.639455825413148	0.10142991746365	-0.102411886876725	-0.538748074846378	0.89245390315317	0.136667135948479	0.0510920996336301	-0.143301044035497	-0.345095305393769	-0.365276440213731	-0.681973345941019	0.582513795417609	-0.63945469107915	-0.0691289789740433	0.0648126543727516	0.569937513220588	-0.114923680499789	-0.0877890294385127	0.155972349662185	0.401829277799228	-0.0270595242633363	-0.0111634127095603	0.168746158574614	-0.396485263089366	-0.202879908887077	-0.100935620720004	-0.26325398320942	0.0157527413397037	-0.0181912549002675	-0.344117218591222	-1.36343700458224	-0.303279938142305
2-methyl-3-hydroxybutyric acid	0.00507848491088765	-0.577841893811914	0.0157586561838785	-0.752666785231517	0.218045283170705	-0.664885897312367	0.417848867291122	-0.808235203746589	0.650350229009985	-0.0504764218873563	0.0973516678431265	-0.272801764245297	0.403472752410508	0.10448609161294	1.12122628178996	0.548471640604639	-0.182574276927788	0.135893862158928	0.274392331533444	0.179619577232191	0.328492520412462	0.804900811524681	0.206628229557669	0.211088043553026	-0.390826323581609	0.903769861476252	0.330492688797129	-0.357166186268125	-0.210569324842829	0.167608818351199	0.100640607931212	-0.303700899140294	-0.503521398527772	-0.0428673331410748
3-(1-pyrazolyl)-L-alanine	-1.00367523128888	-1.01992911285213	-1.41316104179285	-1.0456966302947	-1.11519880364123	-1.23079137062183	-0.6451833653527	-1.2502180945982	-1.15494653339711	-1.05712704975026	-1.77235256532024	-1.51932792285605	-1.49088992356702	-1.06804490929155	-1.9221359599507	-1.38146682806286	-0.916928798945245	-0.638128618546193	-1.39120394571226	-1.33038555560825	-1.62120310974335	-1.18847650004695	-1.12097379085448	-1.52393268635657	-0.953402996165681	-1.02138852898325	-1.47354378345257	-0.752213760147427	-0.781013507756828	-0.997219227995465	-1.18601374266504	-0.997593549931642	-1.57472655108476	-1.10750229947349
3-hydroxyisobutyric acid	0.238874661445457	0.608082763757983	1.06948429041199	0.0299320139433606	0.695758810476125	0.115458666956265	0.281838262325354	0.0761616806811072	1.00337493359681	-0.384018710134926	1.46599029033158	-0.0172727215323536	1.00141576266335	0.916565178971608	-0.32095222532638	-0.369279636995377	0.122692078072306	-0.040838108864675	0.694590811929882	0.828855788843555	0.304220285190216	0.917098885031776	0.128858644906402	1.80302620256968	-0.904554898509585	0.371638416638363	0.323221072782615	-0.576870833718924	-0.0709428775549346	0.76464571895723	0.312022205094244	0.219598138889203	-0.5274081019234	-0.0761626124148098
3-hydroxyisovaleric acid	-0.329820591375943	-0.499152503413834	0.338753935594827	-0.535318023645508	-0.378339933662494	-0.727291342668732	-0.730060140986571	-0.623345641466986	-0.113659832759199	-0.321078384533374	-0.974717596612235	-0.959589877849901	-0.233213913200617	-0.479150459717406	-0.000923163963227988	0.176059032526669	-0.360807374757417	0.727468929666497	-0.749455761148499	-0.426327399882846	-0.155117604922563	-0.287054908371903	-0.253471779619893	-0.732006434947398	0.0949829931845981	-0.191107104009229	-0.588776203449797	-0.197161717753493	-0.404314626813995	-0.258128372201751	-1.02052511535731	-0.768892833169602	-1.04766169103277	-0.52238575563496
3-oxoadipic acid	-0.586999100091396	-0.681973345941019	-0.944413915878469	-0.681973345941019	-0.637492101013925	-0.904371552762852	-1.59564395482392	-0.526349247336379	-0.569230183116859	-0.925885952534683	-0.400864532500861	-0.880689852954604	-0.961042907267037	-0.489234375982565	-0.653670973614813	-0.796478920314667	-0.640855632176012	-0.199529106092095	-0.651950074266749	-0.317375674500472	-0.571137141104913	-0.591903971249701	-0.687825047769183	-0.243174331012539	-0.578905074863176	-0.536554683249059	-0.868181173471517	-0.445021864864026	-0.72557901774975	-1.03527766699586	-0.899595424001039	-0.342095626555973	-1.02335786431925	-0.601666753553081
D-fructose	2.05514196363353	-0.158501118214329	2.08869780268125	-0.340689325401893	-0.0365952386323369	0.40528083375649	4.00502455929255	0.276452481173184	1.3747335465734	1.55299203279559	1.06350690369393	0.936643332130264	3.35841393892821	2.01528506529567	3.56611975214225	2.4667579997879	-0.296387843956038	2.51725520465317	3.32256049738246	2.07772038181677	2.82565601817832	2.64814759158517	1.84018853085773	-0.977731448777637	1.95121959990638	3.24669485587698	1.8264213464792	0.345664907435102	0.0224901887550929	-0.108293267422856	2.52829911596698	0.383260224677449	1.9662137840428	0.669623041922809
D-gluconic acid	0.392071976911879	0.025373913256427	0.650533690281284	-0.0560234140108515	0.514102797890508	-0.038833978655552	1.45436793174054	-0.195024084288866	0.837530531276986	0.12490714927103	0.104913528952356	-0.0190467492212224	1.02923770420035	0.294725859219145	0.546778021455825	0.576682471606145	0.0612966146129433	0.612657081925584	0.668632477752516	0.287818983189024	0.688365963217239	-0.00542382982186124	0.391046212795362	0.807840152630329	-0.124684628788827	0.612130599261202	0.177475541085548	-0.289769382585561	-0.11033822435204	0.49494631621213	0.56003321739556	-0.188088284866336	0.234083205668786	-0.0553768618869544
D-glucosaminic acid	0.219396460331993	-0.362206532941838	0.445079209801012	-0.401106362966075	-0.191604098219653	-0.594888506767394	0.370841497381428	-0.785670305466403	-0.621664147397075	0.00109624489156235	-0.675678590046676	-0.133112196649243	1.29899315245715	-0.642051877081526	0.313718703714648	-1.2472268062352	-0.304468094334284	0.438319982286631	-0.544612850732555	-1.14211868111268	0.142139866558575	0.619737970519879	0.0586808400254264	-0.136441536472998	0.554728040840005	0.351324819868098	-0.785144996283465	0.196390559009752	-0.305256042208837	-0.065797791791573	-0.1129281872142	-0.628046994012857	0.0565971286710499	-0.917147294273779
D-glucose	2.33432242509014	1.51847574954772	1.86972640780455	0.7943828393374	2.08830975895178	-0.836509629637954	4.7114845434362	1.33553448080518	2.26541036217244	1.49748465881702	2.57286349541177	2.39803343273857	3.11695247196463	2.56469619504974	3.46553070627939	2.04230871612016	1.4055811487567	2.67209684592095	3.0745858942992	2.37360021507137	2.79863024729701	2.95065576216739	1.98983193732245	3.62192827361061	2.04311747845889	3.30412126413823	1.91172388910403	1.02937629530032	-0.20924593795406	2.30999560141136	2.88799979387627	0.885366444697513	2.32927008990762	1.1903898071411
D-malic acid	-0.787348018476704	-0.90291910734504	-0.957569746456418	-1.23205508104113	-0.853645092921487	-0.959697519410918	-0.964630626606935	-1.10719364424062	-0.957795533942279	-1.1803062189469	-1.36434549345861	-1.54995018377964	-1.00768169368438	-1.35166917784755	-1.0991231290964	-1.17872591417764	-1.04540500163798	-0.428057735069454	-1.262957158137	-1.13972700670923	-1.18141694714109	-1.01659487012038	-1.04284162013793	-1.61239884381915	-0.929614831426329	-1.12514280073288	-0.626496612072912	-0.528556235588109	-0.503089263469993	-0.561029932050378	-0.689070861393437	-0.890769847675865	-1.4348500626646	-0.976036160679968
D-mannitol	1.38286336755827	-0.378290641118906	0.538873766825796	0.306979184803859	0.122097192340238	0.1036538859791	1.58589048414869	0.436878779313645	1.17061971794845	1.44058208028835	0.691893029000255	0.372396870472512	1.4487215077541	0.788769889984776	3.398318883605	0.761144774465261	0.36832297232158	2.53270265006889	1.48740291363107	0.549320123102886	1.43350672810356	0.891901811206001	0.945114733360421	1.42236514416715	0.977911890719515	1.46390698616238	1.11194049899909	1.07587002847825	0.217365850601158	0.9489166055508	1.04327511608949	0.26248424575175	1.06854677382436	0.443254310527711
D-mannose	1.26514777323263	0.775887830085122	2.09106543406886	0.661860773464752	0.569663667555582	0.777883506024951	0.0646376869279004	0.733022032838389	1.86410370922603	1.62856074970112	1.6354235541945	1.67341844903619	2.37118637385453	1.53073433719294	2.34807756879837	1.70681513275253	0.739394827189105	2.64507997574311	3.0586363966252	1.2347498739332	2.08824736375749	1.96096326545947	1.59221661580634	2.28997295243574	1.56633957602113	2.33783692514112	2.5288897631109	1.26178033154073	0.527796422417216	2.31511639699786	1.37864596173492	0.679831138129023	1.65534905803247	0.691758908814333
D-ribose	0.297495927959221	-0.00211429887871308	0.179943396281175	-0.277206240385164	0.81812882998174	-0.472658236199331	0.0925742619866857	-0.535557112705201	0.166268273069127	0.0805151955191921	-0.626341190009475	0.233584739350873	0.236473752756354	-0.175787795186829	0.299744724575452	0.277250989441522	-0.341757010422492	1.02876634519341	0.217090401664167	-0.329359284402943	0.616366296250952	-0.0365939113893621	0.106080318740392	-0.553753801102722	0.34276477998402	0.22730298191946	-1.18187731216561	0.19920501308742	-0.213808170145128	0.0959592029720814	0.0282120440091704	-0.281710508546356	-0.32715169219645	-0.226477046731923
D-threitol	-0.423722830636382	-0.411125782742752	-0.639855382649013	-0.87232576198765	-0.128516281994216	-0.860123995761867	-1.16832706975074	-0.566066832719021	-0.411336864297458	-0.756711700996554	-0.133112196649243	-0.681973345941019	-0.850261739344997	-0.381209077677015	-1.23946586752352	-0.765823120576244	-0.444128439450818	-0.391500221020781	-0.29294647472811	-0.31505229060203	-0.595781899938725	-0.695893020784325	-0.370061003514457	-0.624424992149064	-0.999213672824869	-0.677958764603427	-0.681973345941019	-0.681973345941019	-0.503694783705491	-0.619146994242317	-0.583731452179422	-0.544230726538853	-0.937993385096864	-0.638664888124521
D-xylose	0.427090705065647	0.187553162053246	0.623640777858945	-0.499470389723374	0.677714794908492	-1.30505467373804	1.39678092679174	-0.0752697438838756	0.147803254143543	0.255370036418235	-0.1861866763168	0.710643964609894	0.512358769532496	0.408685909814523	0.849888024108262	0.879922238126297	0.0993560367056782	0.793038956157844	0.695974352721589	0.319362120589499	1.16680622966955	0.635252100364215	0.40615232007757	-0.129710642904784	0.644923354581769	1.03276574915641	-0.0461120993647723	0.258638265998455	-0.664338403118845	0.355646260282322	0.578011230345264	-0.261736109189671	0.142342786177558	-0.284030557513442
Impurity 001	-0.133112196649243	-0.384668107354782	-0.557705476174094	-0.326643935689179	0.232020298161066	-0.0515857539489615	-0.0791876454496467	-0.239288732565384	0.30521661593009	-0.607234990885484	0.0150382146028144	-0.176840434868197	-0.318331747292506	0.0183674408175675	-0.769534439324801	-0.564639303289269	-0.133112196649243	-0.199307333957988	-0.151300712798698	0.148986979132028	-0.408364259857061	-0.322704495494233	-0.132741364560335	0.506845897016884	-0.900372825112233	-0.133112196649243	0.278503941147779	-0.679916506416082	0.0235688207558158	0.338481908261532	-0.238029216998954	-0.133112196649243	-0.681973345941019	-0.133112196649243
L-allothreonine	-0.770451399051373	0.491384226775422	0.810571223205501	0.157826047897748	1.88907977296288	-0.0459749380815367	2.51893237353932	0.305377108217437	1.57590106444778	-0.829603124741551	1.95722215621874	-0.457765309748981	1.24128381410302	1.59331286780692	1.19100804350747	0.741882454108687	0.250467719937016	1.24429661303045	1.24658917331495	1.58112503664624	1.13594230831632	0.976921850939415	-0.25027067900698	1.92175067097205	0.739422472619776	-0.681973345941019	-1.09861296501304	0.362810468045163	0.825745938783999	-0.269898805880835	0.813363004772951	0.434677169224965	1.34923341670694	0.957261178176742
L-asparagine-15N2,d8	-0.960877707071973	-0.96912849548871	-1.16242724251001	-0.995910315324014	-1.01471070294452	-1.31016623961207	-1.11834399369907	-1.28483818518912	-1.0306935762918	-0.893649766861496	-1.30357878330306	-1.43742320154347	-1.05614403200892	-0.936145101939464	-1.39162775278957	-1.29344560675313	-1.18399741342657	-0.769319121401604	-1.41285465332753	-1.24219666307558	-1.58891141938576	-1.09871217861558	-1.08131750684476	-1.44586576851222	-1.00478997018482	-1.03122915831246	-1.51877691533501	-0.705991598216969	-0.744267357170985	-1.0053026556348	-1.10313167298134	-0.923187663409825	-0.870070147095388	-0.994058508672326
L-isoleucine	0.26825816932423	0.00205877438015469	0.779870093795469	4.92680960894526e-05	0.429464202974776	0.152520197599326	0.0952860851603034	-0.0478679262970738	0.626792379084053	-0.0827429200070002	0.0345457517103307	0.217239157219191	1.1480179554978	0.258750734076203	0.732090020746429	0.668779638345965	0.390804345252473	0.757009313159443	-0.476155069460696	-0.0915202970636473	1.08809097274221	0.406789506628471	0.249462619900943	1.53111610237824	0.85300226488646	0.44767027443738	0.225270198269604	0.0798389687081642	0.0236851965523713	0.723422003567684	0.172698965673466	-0.0672873814680508	0.313767783219215	-0.0378311483836104
L-phenylalanine	-0.578684119023428	-0.616338532136074	0.158407386235971	-0.800827581287877	-0.544149156151773	-1.0481613831555	-0.710846534589709	-0.966345556145125	-0.366890850148765	-0.722372301812118	-0.849745625576555	-0.747461633406511	-0.0671616138360634	-0.724280531167131	-1.28678330721248	-0.334052935053351	-0.26157245243553	0.130078608045103	-0.614141157891342	-0.629760086918621	0.127748996463824	-0.465353696826079	-0.596036329145057	-0.61042373760539	-0.365529544507956	-0.601272314577098	-1.13801430936843	-0.321115080355209	-0.489080042698199	-0.465001016605937	-0.712213544610877	-0.511838765987459	-1.37542809916772	-0.660352123065425
L-threonine	-0.496965511001691	-0.907551263176762	-0.0907187143393454	-0.825764056239248	-0.790162030103619	-0.955473356464099	-1.11642875841254	-0.825123134767903	-0.65103351829359	-0.626660276806836	-1.37121981042556	-0.966324931415537	-0.875397788797584	-0.623794658444933	-0.94413098969747	-0.197100180658883	-0.634303122852409	0.673486945302343	-0.740506601059652	-0.726654429884858	0.188957659192383	-0.787406042873327	-0.543206185995699	-1.11897593411119	-0.431278487959183	-0.543356888588245	-1.47756517901402	-0.246002889768016	-0.5294535411661	-0.542274325951216	-0.563877196315804	-0.821310563223832	-1.00441630709387	-0.703957825858423
N-acetyl-L-cysteine	0.0019737280341653	-0.587284335011687	-0.537319066994084	-0.35722486801187	-0.26867834895506	-1.06359967059946	0.120731303133345	-0.268144188001075	-0.342360071029006	-0.303558759664259	0.367848560300921	-0.845375403543155	-0.0457636467940669	-0.124666352101434	0.00104806676011703	-0.644516735784149	-0.533515809893035	0.1000943598418	0.46946751391429	-0.211132021699124	-0.558720775711793	0.0677170399942949	-0.280243549031798	-0.264687559544964	-0.102980225881684	-0.0124411406591959	-0.0231771706462476	-0.225371347028149	-0.348253150288782	-0.261125194187874	0.316050048966147	-0.58994532447575	-0.71476838503134	-0.44427201939007
TE	-0.260585129585305	-0.576883970704951	-0.546325710364594	-1.01436069681681	-1.16576626837362	-0.959346194184997	-1.8156610757038	-0.8466746758496	-1.11419786576755	-0.336979590953626	-1.86650037419183	-1.06666591422838	0.0296660168955025	-0.559852719370169	-0.20616803927598	-0.467792231210376	-0.381533640618066	-0.265116797614401	-0.743084773855424	-0.666865576994035	-0.971675643670615	-0.419925961176164	-0.946116416497478	-0.949733734421811	-1.17858446968361	-0.326522653781771	-1.06372876139423	-0.607125727032451	-0.577928922803022	-0.59521514209827	-0.90237861748107	-0.984704760525605	-1.03887905362668	-0.792056312064021
arabitol	0.327350199166676	0.000479709469433117	0.0655671099168019	-0.376625751402024	0.493603477142774	0.2260771569678	1.83620562151761	-0.209071033989595	0.0125255423295891	0.0303390065873947	0.317061510155658	-0.279907123545486	0.678442804753501	0.325284401736757	0.493192899094132	-0.249765991535466	-0.240529171306384	0.961947066933616	0.647642769332518	0.0129792617246185	0.150005905991683	0.469218561932609	0.276557682892568	1.30985362195702	0.0773546191428612	0.787014735193009	1.24915793299507	0.0662234486204796	0.0840632585879088	0.695489076178957	0.252968566530435	-0.535685410516429	0.247110407668025	-0.0598153216695102
catechol	-0.573393719057163	-0.340363934201438	-0.744876572721432	-0.943597111869375	-0.137708111304272	-0.531181931117229	-0.681973345941019	-0.924889848778455	-0.547105781048276	-1.1088289741729	-1.29209969345593	-1.09252491912811	-1.07511244671431	-0.721894814800512	-1.61336211561014	-1.59595902421907	-0.844938469026125	-0.671032772270711	-0.95348777164922	-0.704305817909459	-0.993586699177082	-1.10170807158952	-0.853842040667867	-0.500150710169961	-1.70689054190586	-0.743814054069129	-0.0570067430094479	-0.685873320546875	-0.289793214054302	-0.289722280847371	-0.772094718918457	-0.685735659454684	-1.08483941230794	-0.681973345941019
estriol	0.465991948570887	0.460467627042618	0.415748952642533	0.305564768916684	-1.33146908461354	-0.969317542201405	1.33039235954474	0.583138718632879	1.44387362220817	0.086083133665114	0.113076544621773	0.783662597158246	0.641898329159363	0.531917861626195	0.148083671186134	0.118037170405141	0.58412047582632	-0.132078965870178	0.532118505976228	0.408015490722288	0.705107634555327	0.295908405311944	0.409897250814369	0.605024398567463	0.406701450746706	0.661594143877523	-0.00100439756971913	-0.0916988402702587	-0.056664388581946	0.150422383031755	0.643831029132271	0.415748952642533	0.141526469181917	0.0176102893489059
ethyl glucuronide	-0.830344662587494	-0.901928916754277	-0.145659885691302	-0.855927554017811	-0.115382256810636	-1.20629293117206	-0.618011770528462	-0.767500391082608	-0.681973345941019	-0.166523202934547	-0.956302182644355	-0.0316508300474427	0.0511777404592671	-0.361897006630625	0.393627357417734	-0.0756464241363968	-0.787489665678205	0.0737499119681606	0.526995628386703	-0.957830506002072	0.46175504995929	-0.465304318193911	-0.94182455449226	-0.464497827588827	-0.0567808006516621	-0.796168379769947	-0.332742315910954	0.502007953596931	-0.415243638451863	-0.279347968261993	0.0772011885335749	-0.535946895498369	-0.133112196649243	-1.2252587320419
galactitol	0.394200194478766	-1.00945966212405	0.00703469910089637	-0.648220740349099	0.0949096790100302	-1.56173640469345	0.271050030449896	-0.574951786305991	0.54824013553088	-0.421579887313086	0.114504450813732	-0.202618396234479	-0.0727358360286005	0.194041930718375	1.8623379575269	-0.252106466233663	-0.120536709871923	0.642236839355122	0.837136949905702	-0.0697785493969617	1.89878929140516	0.0297629223631629	0.483278732259026	0.289713751682716	1.56441953037003	-0.157025543565406	0.799042189993065	0.754701504780778	-0.176208364470697	-0.725373007067294	0.20938128405603	-0.0277098972073209	0.51577827051241	-0.015124135205602
galactonic acid	-0.451631205683129	-0.549470176612769	0.132984919061804	-0.584631037079045	-1.4054202828846	-0.775939744695706	0.215299317444254	-1.21780925971452	-0.388344386742756	-0.290932041332139	-0.618143780606339	-0.818222011490282	0.612569835815604	-0.585614869617585	0.191871804210135	-1.13875093079295	-0.478844992214782	0.129294299292708	-0.445692931802782	-1.49923344058102	-0.667086667418329	0.451948398439485	-0.309954898814668	-2.14472105703314	-0.049618764635563	0.169187991492975	-0.0685519088738732	-0.0959414165075335	-0.440711444263478	-0.328795857034537	-0.212598614443154	-0.568090405216731	-0.537290453290672	-0.878225326287093
glucoheptonic acid	0.905990615236938	-0.077438171842386	-0.0234563503377011	-0.206461238777354	-0.519626483830689	-0.402866693562126	-1.41375164141795	-0.203499147086055	0.287895485113664	0.399267737118651	0.149963678001738	0.18055536911456	0.878706038604138	0.275424708499845	0.274286316248222	0.102284764542643	-0.119525044536519	1.20097470993388	-0.123810507724847	0.156192428637402	0.0442267905403894	0.32465809296523	0.178575559423458	0.292057704748619	0.314630602400019	0.442729560851001	-0.608518552086585	0.3793998152648	-0.161592888017759	0.213136315123659	0.112134134841562	-0.215808387220196	0.0231794881482753	-0.145372411280255
glucosamine-1-phosphate	0.838974721501278	0.495767785465271	0.151271535817055	0.333017174908935	0.953874472003316	0.335400351310928	0.291831858755638	-0.134356800462194	0.304944392102549	0.498119483074071	0.198796692874196	0.265231224983239	0.901238480893331	0.196566678697576	0.183882339451985	0.0497103953736019	0.280028038388576	0.881363020994269	0.0112523896882223	0.0488278973035438	0.199866575317058	0.0564801021957488	0.203026534476668	0.407049232928296	0.292796101500512	0.660425260497619	-0.0579302852950992	0.214484580091264	-0.638367674132289	0.587954373519991	0.336620284354698	-0.108994321189518	0.0914192255771634	-0.0442114720583547
glycerol	0.415748952642533	0.0640437436296622	0.272819605952645	-0.592618254928091	-0.183718091118156	-0.0788593749722058	-0.133112196649243	-0.131867592836292	-0.133112196649243	-0.197993327101584	-1.28698342535306	-0.611813545871857	0.0287788281305106	-0.592022881228281	-0.0262332594557606	0.415748952642533	-0.66219413904842	-0.134145427428307	0.445772224316803	0.185190875001958	0.28127621725212	0.161244215025629	-0.13348302873815	-0.0552222147800429	-0.371736031640119	0.556424771072901	-0.133112196649243	-0.720220719493255	-0.307679697762389	0.00367441258235118	0.313175567676589	-0.36276081918428	-0.535773643112612	0.100626794262264
homogentisic acid	-0.132485707954646	-0.699774547776016	0.0761250041404634	-0.59429859506907	-0.743286048733033	-0.785477009100602	-1.84169613553021	-1.09176234512714	-0.378887684020901	-0.442711911743504	-1.37122056898828	-0.861916111309107	0.385676541766781	-0.742844803394159	0.00198595807353709	-0.439650102304432	-0.488030671364076	-0.257806327638374	-0.477822265184219	-0.530802520763973	-0.796531249861472	0.0355333916648968	-0.325078424678443	-0.561742325337251	-0.39630655399931	-0.603142103085967	-0.707866284639422	0.2390849202296	-0.447846849683783	-0.342649847291105	0.130352394198355	-0.577096166261424	-0.83715650182413	-0.590003221679528
isomaltose	1.05684477434872	0.0821205870046319	-0.0553119630522121	0.866015734463177	-1.29574390854333	-0.133112196649243	-0.409671166029876	0.972837625816436	1.74848711594272	-0.0997011903639372	0.668361478835608	1.3539060405766	0.352838569934709	1.64018297411192	-0.714396043772603	0.566696206637213	1.01000703744742	-0.0204429351597442	-0.214555850583674	1.65626469246586	0.898638943260949	0.660177421486285	0.806308516524875	-0.681973345941019	0.4385738285098	0.153473751170065	-0.76054261092467	-0.294583078719684	0.0161438168150158	0.558227088800025	1.09283282546301	0.616345177951914	-0.095197407857312	0.72747198827488
lactobionic acid	0.173504647927753	-0.750096560239432	1.26386638740165	0.178743826443428	-0.666582908583423	-0.377474131199612	0.878473488676258	0.0511019362093285	0.0617852491381731	0.276318370594318	-0.255220283395674	-0.953156821635952	1.39283922613923	0.157210516054541	0.478622189137683	-0.236576552464183	-0.444199948271528	0.686713961018311	0.470325527379032	-0.0630317100641465	0.255980794381554	0.371066136571798	1.2883507790723	0.348721546857947	0.230305229166787	1.70336244797037	-0.0851720733979821	0.0508384006419048	-0.142595173429505	0.250021977156785	0.254704379726195	-0.465055613397092	-0.130713090285997	0.0109144481817415
lactose	0.383674775663813	-0.557854785704403	0.638149256818497	0.944522100582864	1.08412122026445	-0.146737874073158	2.0567566107125	0.45868815392033	1.62935175749745	0.0719752067163165	0.558770439353208	0.254679138793532	-0.571715258977952	0.734749265775504	0.974470290971728	-0.133112196649243	0.452133258842225	1.07481304793855	1.01063504222842	0.557030145746691	1.0659923996478	0.792765141558715	0.638684654011617	0.863612586842613	0.776367066575461	0.133069824313851	0.390787861715396	0.0802500592940587	0.0300326021951063	0.493430585936325	-0.133112196649243	0.466328661492083	0.613564435280232	0.319525723008206
maltose	0.989270006785483	0.22650617568386	0.851188042110191	1.56797093477036	1.12179789775157	-0.0213566717767747	1.75936328716806	0.406333891773927	0.718408382145467	0.674969915620197	0.343123347291437	0.178542515146726	1.29294588535188	0.857806007172805	1.54709743863986	0.988456741872838	0.116027539538931	1.24733537572264	1.47625423984053	0.646487626391262	0.538183551883716	1.11248829351494	0.514344272318672	0.705550109790375	1.16550129339332	1.33894174646478	0.140469006999831	0.441342431365525	0.123837877218277	0.444563296950205	0.996090177523739	0.0301080205771017	0.589861956521096	-0.0484512349336321
melibiose	0.137854083889052	-0.166034985023303	0.00926373557316802	-0.158954550483113	-0.201291602573033	-0.189973009458415	1.02904161704852	-0.351120946245461	0.032931857646954	0.0777432717345235	-0.933494159693428	-0.216187474205055	0.767228583294242	0.560080138002225	0.673428024462759	0.055637322763399	-0.320958679722977	0.538137750346015	1.02638213394993	0.138676893773455	-0.104231716405162	0.221912192358047	0.133904104986047	0.272972267501552	0.492969901704205	0.523579574684295	-0.106367189155196	0.267844711510189	-0.240114497470677	0.204228516407	-0.489530575469163	-0.708412326923524	-0.0175038580370222	-0.269838194823942
myo-inositol	1.33047022373889	0.883326631291369	1.17862513058031	0.820676152844298	1.57333332614398	1.05097230095072	2.4767215755361	0.432177681880461	1.34179472252976	0.917066335547044	1.02783047107682	1.00445495262381	1.63733749357343	1.54185700426665	2.45974950355067	1.32827445532886	0.786567065253863	2.00761288638331	1.95094581208852	1.55637672050011	1.94099252350254	1.41419172915923	1.2107482569388	2.30126640347157	1.42442377380544	1.8719570807168	1.36771960619576	1.03054308928854	0.470415772346935	1.22768196592414	1.63024693459234	0.36604029268824	1.16544020712887	0.769072677518155
oxalacetic acid	-0.397270595014811	-0.679860837850938	-0.435585708266997	-0.712418274056877	-0.766981569843773	-0.902004741449406	-0.0985822543420289	-1.09368765141999	-0.824851273762401	-0.534987664275022	-0.991056190028123	-0.843460758869421	-0.642605930132065	-0.395964959193402	-1.65035389403457	-0.501734628045199	-0.600262682128227	-0.390563991885069	-1.07807419634191	-0.465427096205952	0.32364079055716	-0.572360849582997	-0.385921690642868	-1.67358744327208	-0.411464527351753	-0.142123157778663	-0.946366553816724	-0.766667434531165	-0.535028307355299	-0.725725095729628	-0.423468719569091	-0.687129910536611	-1.28474528992197	-0.72541990534975
propylene glycol	-0.213215015706339	-0.274923747821673	-0.114268503873566	-0.418606291478687	0.154483906390674	-0.556981173314774	0.0790312593561907	-0.697331998118598	0.197936684447622	-0.165599544201507	0.214985034644369	-0.230068513301219	-0.0387154531813669	0.0144517813889129	0.0928647567898618	-0.173908965530306	-0.11043875756618	0.38478256970486	-0.260693574506411	-0.00417900071935934	0.119712481947971	0.0429948486396945	0.294624034564279	-0.0962237919656972	-0.407732716033922	0.14179153594337	-0.240198054576484	-0.169568748885241	-0.538734730190758	-0.0107329633450192	-0.226036725209816	-0.182030088898686	-0.715089684657822	0.0275755974225163
pyrogallol	-0.663567701796183	-0.900344862096078	-1.31068915752933	-0.939760341904474	-0.945996281326725	-1.25728596559012	-1.10872596453098	-0.919696812293804	-1.15889422014273	-0.784442760008102	-1.09282781515014	-1.44883598627235	-1.08699638261225	-1.02727620756054	-0.969087545795603	-1.55531177709353	-1.07712875389278	-0.551038054981539	-1.1882297382848	-1.1508369846825	-0.990357122558468	-1.01210088342805	-0.863112275879259	-1.29746620169797	-0.902656409455652	-0.67322347764149	-0.860208372565754	-0.675502802975918	-0.694513360434969	-0.810627491987196	-0.892646930665951	-0.888419703285932	-1.4281233478188	-1.01755069119903
scyllo-inositol	-0.200841527363734	-0.720994054197845	-1.31995603637071	-0.729117113850222	-0.196515796993311	-0.918478524231827	-2.10941605858646	-1.0628367978618	-0.610672265244452	-0.238500891147642	-0.981249441438402	-0.83327663957764	-0.379457127308485	-0.782269299807723	-0.558126705335707	-0.636842363909271	-0.616129169266487	0.292753406779069	-0.930733971258116	-0.891029078902842	-0.535243876754221	-0.71925999154083	-0.578033485145525	-0.858536983005298	-0.696237989056286	-0.371025168081778	-1.60893390392582	-0.237122208857053	-0.547353342498319	-0.402316702300706	-0.919196948279889	-0.834021072449494	-0.950065735206148	-0.720946127907161
sucrose	2.50964688596705	0.89560862236557	2.36641152420509	-0.00824804704117286	1.89742944428189	0.0940862660902284	4.94720560780215	1.41424891263022	3.08755010633758	1.41774255732769	3.23680688318423	1.26504152160071	3.33872032625608	2.78810475192977	0.961995218906778	2.54804422875029	-0.029433066420116	2.85550291256823	3.73678125632536	2.4807222096841	3.02010025936855	2.44445021937348	2.30832122237066	1.88183789598972	1.98909333964003	3.39529294345424	4.1665699152521	1.38011263632744	1.30099626124726	1.6183311454879	2.28855739462769	0.586242278396141	2.58033733339927	1.04320067327009
tartaric acid	-0.533853018647417	-0.885017285066467	-1.05725762447218	-0.875931321508016	-1.23692313708417	-1.06331405749394	-1.78713080328257	-1.04545442104436	-0.863080242629726	-0.506842291189183	-1.25981474764056	-1.57857427674531	-0.812948351194962	-1.04255902497427	-1.12326717394618	-1.08132511594323	-0.755625431662194	0.0485009232862601	-1.35958948099563	-1.02967210491039	-0.211356396886836	-0.882391027466861	-0.505557938298279	-1.18173941021289	-0.635629754705383	-1.08700604580817	-1.27652242763283	-0.615575252268866	-0.655713581369408	-0.746240604340756	-1.34138411290663	-0.839449600219755	-1.08009319879019	-1.12218491282649
trans-3-hexenedioic acid	-0.883909733911606	-0.875023648671405	-1.04132162590844	-0.903684397863253	-0.789766196500246	-1.09069309442574	-1.40306057537746	-1.07309628113924	-1.38447967585242	-0.864117459152777	-1.0918154318626	-1.28570002074833	-0.571419426127402	-0.982503878355961	-0.761952578394829	-1.27048907641187	-0.781995157612438	-0.98320024066708	-0.852268696348727	-1.07883246292412	-0.853366691443173	-1.05663317438094	-0.815669474925681	-1.85397286313855	-0.44728432817286	-0.737057019818588	-1.34095371858414	-0.778808279902599	-0.676197497955129	-0.744799697639721	-0.952631189329466	-0.865302827494755	-1.07309790754277	-0.944694326058184
trans-aconitic acid	-0.898133104679793	-0.907896721303907	-1.39505039169778	-1.1165108312186	-1.01808868903518	-1.12247561439571	-1.4959263166483	-1.1132779145342	-0.966182351485258	-0.80376159067703	-1.03591911736427	-1.36633590347223	-1.65212631164497	-1.04062921402547	-0.896879224869459	-1.16569531858619	-0.81260603496741	-0.379278420977423	-1.27422643407171	-1.01767103241758	-1.38783002689728	-0.99051607894189	-0.819332452329117	-0.671010912882692	-1.16940670816924	-1.26092997750497	-1.23578775211584	-0.524563028127926	-0.695802114474108	-0.174949682967974	-1.05166373417714	-0.895314135569723	-1.63438330108423	-0.98162873957731
trehalose	2.55506177800506	1.81592462070686	2.17430747821547	1.37314962498454	3.25406749712931	2.21967680983095	4.39516852858184	1.68461609992581	1.30255582736482	1.60453101280934	2.65574798850698	2.42694927255966	3.10884234758833	2.65973843488194	3.00291446888255	2.47307280811772	1.58640540604414	2.4906397999882	3.07183403375716	2.76830128753588	2.8369410258096	2.4769938267267	2.12615336175385	5.14649182760309	1.81502523210513	2.51953525823611	3.92452031421582	1.30428597889439	1.48527685852027	3.00011151565614	1.50297799970467	1.31505878849413	2.50959822136645	1.54016857559606
turanose	-0.214309397783113	-0.133112196649243	-0.133112196649243	-0.652337861666957	-0.478220059275206	-0.681973345941019	-0.599356114331826	-0.639034144663223	-0.354419225996511	0.294211105799085	-0.681973345941019	-1.26015893996323	-0.133112196649243	-0.284591834116053	0.437870547867333	-0.981510068602718	-0.681973345941019	-0.512176683060065	-0.425496847317909	-0.587616399914088	-0.635967248624262	-0.421600907463171	-0.461886641564851	-0.133112196649243	-0.659148470073753	-0.367850154395581	-0.655783721819652	-0.133112196649243	-0.428808574542382	-0.464532616717618	-0.681973345941019	-0.638832806802175	-0.176864693291543	-0.522472305192224
cellobiose	0.591219442848322	-0.335441353939954	0.4849608742649	0.00155336827179508	0.396767882414156	0.425019476926653	1.07978832953576	0.0559427601051745	0.645521269903172	-0.103439112632235	-0.119789366747977	-0.405262156288937	0.114958351260882	0.650724233882455	1.45815635294625	0.475002527854055	0.0781210870606608	1.33106295833176	1.9178746554387	0.524658699681673	0.834297464777101	0.916263615982562	-0.0939766055297351	1.33288451679545	0.506470979396209	0.84344353837447	0.554640455922002	0.0784459985870328	-0.00806202157014138	1.40618359218378	1.09734579037171	-0.410494234931331	0.34007200096934	0.0931030780111438
6-deoxy-D-glucose	-0.233194600099319	-0.497867805787836	-0.401017407448557	-0.534058976728964	-0.376522185277101	-0.726049264436189	-0.334984153773197	-0.5830332829161	-0.48483983694876	-0.000622400840180108	-1.3029045526929	-0.793651698147819	0.099179254377034	-0.139574858902566	0.0174610335674361	-0.172901148041501	-0.443470379431369	0.417541728474061	-0.385006852043837	-0.317404123199533	-0.216510493504224	-0.280853928439635	-0.293540174967878	-0.42912851927454	-0.0357852718280286	-0.188346277834037	-0.586234010386998	-0.151322519380766	-0.403385352823397	-0.256324108526025	-0.502716105104964	-0.703897134815745	-1.52235201428288	-0.520942338589766
